2 0.346634 0.580566 0.0523424 0.0131289 0.00414638 0.00275641 0.000294512 6.313e-05 3.90045e-05 2.92703e-05 
3 0.144787 0.4472 0.189363 0.106698 0.0690745 0.0397022 0.0018413 0.000785178 0.000526918 2.21116e-05 
4 0.392531 0.456313 0.137847 0.0081985 0.000799709 0.00387179 9.12505e-05 0.000323187 1.26248e-05 1.20773e-05 
5 0.102192 0.554144 0.164083 0.110346 0.0375446 0.0215106 0.00941986 0.000567983 0.00010927 8.2e-05 
6 0.074838 0.839139 0.075905 0.00864027 0.0011106 0.000187596 8.50732e-05 4.53068e-05 2.81595e-05 2.11319e-05 
7 0.604714 0.306296 0.0680099 0.0106521 0.0056781 0.00326925 0.000968711 0.000366344 4.31274e-05 2.42082e-06 
8 0.62467 0.325338 0.0318285 0.0127731 0.00445377 0.000432328 2.37016e-05 0.000454181 2.00866e-05 6.27888e-06 
9 0.403287 0.495422 0.0859506 0.00816209 0.00544636 0.00130285 5.34571e-05 0.000360162 5.90371e-06 9.86486e-06 
10 0.250501 0.679734 0.0594489 0.00631871 0.0020421 0.000856038 0.00071691 0.000376535 5.65632e-06 7.02399e-07 
11 0.27314 0.628865 0.0891661 0.00554497 0.00163561 0.00153959 8.63513e-05 1.11022e-05 5.677e-06 5.43081e-06 
12 0.37183 0.605049 0.0157839 0.00512398 0.00154581 0.000588843 6.56716e-05 7.15724e-06 2.22155e-06 3.71212e-06 
13 0.577811 0.34856 0.0628269 0.00869343 0.00112555 0.000755701 0.000104879 6.12349e-05 3.1312e-05 2.99541e-05 
14 0.0980615 0.831922 0.0377668 0.0229457 0.0073088 0.00101849 0.000462394 0.000246253 0.000153054 0.000114857 
15 0.0562987 0.789073 0.0920287 0.0445448 0.0107517 0.00401648 0.00203911 0.000659344 0.000311325 0.000277222 
16 0.354914 0.508227 0.0939995 0.0241044 0.00937899 0.00522499 0.00191436 0.00111824 0.000571804 0.000547008 
17 0.433383 0.452249 0.0953468 0.0117214 0.00260964 0.00165597 0.000137178 0.00270533 0.000164769 2.66648e-05 
18 0.0412068 0.47201 0.203902 0.184813 0.0639127 0.0195279 0.00824868 0.00474429 0.00113327 0.000502141 
19 0.0989077 0.65853 0.138262 0.0473547 0.0324169 0.0111533 0.0066113 0.00354012 0.00170521 0.00151842 
20 0.123205 0.503608 0.124885 0.135908 0.0830166 0.018264 0.0066551 0.00339893 0.000560593 0.000499566 
21 0.162721 0.496603 0.152601 0.0726184 0.0749471 0.0263078 0.00711674 0.0037087 0.00178641 0.00159073 
22 0.133955 0.790371 0.0505985 0.0176848 0.00524132 0.00156762 0.000333463 0.000222823 1.35299e-05 1.25505e-05 
23 0.949073 0.0296493 0.0128949 0.00179893 0.00622203 0.000266175 6.20272e-05 1.73348e-05 3.46617e-06 1.24406e-05 
24 0.273242 0.627359 0.0912347 0.00727617 0.000685349 0.00010407 4.70505e-05 2.81826e-05 8.74764e-06 1.4617e-05 
25 0.0966074 0.581485 0.19191 0.0845023 0.0146171 0.0196169 0.00192608 0.00157424 0.00728331 0.000478432 
26 0.647353 0.277328 0.0462386 0.0161773 0.0049942 0.00659576 0.00116606 0.000121886 1.29503e-05 1.23887e-05 
27 0.699864 0.133484 0.138819 0.0131609 0.0119584 0.00262216 5.9715e-05 1.66883e-05 3.33691e-06 1.19767e-05 
28 0.410481 0.400618 0.148362 0.0253782 0.00460699 0.00646918 0.000482901 0.00103591 0.00158181 0.000983423 
29 0.1209 0.779145 0.0723814 0.0187084 0.00437972 0.00194281 0.000712872 0.00149896 0.000175303 0.0001561 
30 0.616328 0.225977 0.0858915 0.0503194 0.0136559 0.00395722 0.000272448 0.00350861 6.93996e-05 2.02288e-05 
31 0.710068 0.271268 0.0134061 0.00471946 0.000473285 4.05846e-05 1.18759e-05 7.11351e-06 2.20797e-06 3.68944e-06 
32 0.19476 0.482388 0.199391 0.054017 0.0365206 0.0122648 0.00586294 0.00807209 0.00511651 0.00160719 
33 0.34817 0.604871 0.0399145 0.00550541 0.00103327 0.000301445 0.000165715 1.8779e-05 1.16526e-05 8.74452e-06 
34 0.407443 0.376727 0.0986122 0.052219 0.0555991 0.00152273 0.00410556 0.0036283 7.33082e-05 7.01292e-05 
35 0.467634 0.290745 0.0874501 0.0771595 0.0531638 0.013568 0.00602703 0.00419661 2.10487e-05 3.51715e-05 
36 0.124841 0.77605 0.0610875 0.0279727 0.00601526 0.00340705 0.000329414 0.000142154 8.8353e-05 6.6303e-05 
37 0.395063 0.510545 0.0708819 0.020758 0.000949162 0.0010401 0.000311799 0.000439524 4.29871e-06 7.18297e-06 
38 0.268296 0.494267 0.139248 0.0619803 0.0192833 0.010238 0.00330565 0.00177006 0.000852606 0.000759211 
39 0.162713 0.738489 0.0412312 0.0189873 0.0364275 0.00109888 0.000498558 0.000265513 0.000165024 0.00012384 
40 0.125742 0.588513 0.186285 0.0677109 0.0166989 0.00885271 0.00537979 0.000687206 7.44065e-05 5.58371e-05 
41 0.726994 0.159449 0.0429972 0.0438079 0.0241022 0.00207938 0.000457069 6.21086e-05 1.9278e-05 3.22127e-05 
42 0.111525 0.495416 0.174932 0.112281 0.0494623 0.0345604 0.0100458 0.00537153 0.00307239 0.00333435 
43 0.120992 0.551311 0.18906 0.0906341 0.0293131 0.0160963 0.00210148 0.000378856 6.4356e-05 4.82949e-05 
44 0.122248 0.592536 0.180679 0.0390791 0.0146383 0.0146574 0.0301076 0.00540282 0.000372345 0.00027942 
45 0.340548 0.360674 0.181209 0.0553053 0.0156349 0.0332146 0.00917239 0.00222758 0.00105912 0.000955053 
46 0.0515996 0.619865 0.232786 0.0368008 0.0403929 0.0123315 0.00333462 0.00151229 0.00072844 0.000648646 
47 0.0477163 0.611796 0.149586 0.147763 0.0214142 0.007527 0.00824453 0.00551838 0.000248914 0.00018576 
48 0.155598 0.425592 0.210769 0.100367 0.0388047 0.0338488 0.0114927 0.0056884 0.0151154 0.00272321 
49 0.0881053 0.528633 0.198663 0.0937527 0.0426193 0.0235648 0.0113651 0.00697507 0.00332399 0.0029974 
50 0.0882717 0.531326 0.207417 0.0917755 0.0364818 0.0276781 0.00787647 0.0041836 0.00239292 0.00259695 
51 0.2532 0.567888 0.118587 0.0434042 0.0113526 0.00313045 0.00112551 0.000598479 0.000342316 0.000371503 
52 0.402874 0.495387 0.0719632 0.0248534 0.00341997 0.00130553 0.00010811 4.42666e-05 2.26354e-05 2.16538e-05 
53 0.587445 0.339981 0.0674581 0.00425833 0.000758296 2.13817e-05 7.24659e-05 2.59666e-06 1.32778e-06 1.2702e-06 
54 0.0592405 0.742929 0.123863 0.0241886 0.0120645 0.0118064 0.016402 0.00361077 0.00522396 0.000671463 
55 0.149038 0.657475 0.11417 0.0434803 0.0282436 0.00425921 0.00164814 0.000882524 0.000425096 0.00037853 
56 0.0589976 0.680658 0.257873 0.00169058 0.000393628 0.000197953 8.9871e-05 4.78619e-05 2.97476e-05 2.23236e-05 
57 0.0729041 0.778077 0.104011 0.0383214 0.00587833 0.000366288 0.000326718 8.04772e-05 1.76987e-05 1.69312e-05 
58 0.0333006 0.922599 0.0317154 0.00664702 0.00265049 0.00140413 0.000832324 0.000445681 0.000214676 0.00019116 
59 0.459671 0.518935 0.0171032 0.00280255 0.000322653 0.000579625 0.000519422 3.36197e-05 1.71912e-05 1.64457e-05 
60 0.0505011 0.826959 0.0769754 0.0299204 0.00734247 0.00377496 0.00223767 0.0011982 0.000577149 0.000513927 
61 0.0303791 0.610337 0.274759 0.0486799 0.0245147 0.00462317 0.0050402 0.000922689 0.000393855 0.000350712 
62 0.961724 0.00610779 0.0254544 0.00414123 0.000683693 0.000799323 0.000808574 0.00022805 5.24062e-05 3.61052e-07 
63 0.113188 0.586324 0.164729 0.0749828 0.0280711 0.014871 0.00881507 0.00472016 0.00227362 0.00202456 
64 0.065526 0.533312 0.204393 0.0988063 0.0432084 0.0256049 0.0135877 0.00543492 0.00543973 0.00468627 
65 0.298688 0.647747 0.0400995 0.00924728 0.00083534 0.00196791 0.000435582 0.000964597 7.85281e-06 7.51225e-06 
66 0.146416 0.445597 0.299203 0.0598561 0.035389 0.00196018 0.00644128 0.00475291 0.000199973 0.000184225 
67 0.0743572 0.582814 0.214453 0.0506579 0.0313477 0.0169541 0.00538699 0.00661059 0.00815323 0.00926581 
68 0.0351287 0.758114 0.163341 0.0351733 0.0040391 0.00303971 0.000716389 0.000315752 6.94716e-05 6.18616e-05 
69 0.0357756 0.757812 0.167942 0.0310841 0.00522621 0.000723777 0.00104359 0.000205767 9.9114e-05 8.8257e-05 
70 0.099839 0.648992 0.184322 0.0369324 0.00932835 0.00485885 0.00288017 0.00178519 0.0103949 0.000667443 
71 0.0497095 0.727662 0.191999 0.0243511 0.00485544 0.000982722 6.64542e-05 0.000125733 0.000236458 1.16373e-05 
72 0.272988 0.662504 0.0533648 0.00625877 0.00308675 0.00155788 0.000114248 6.8433e-05 2.1241e-05 3.54929e-05 
73 0.216217 0.515499 0.14591 0.0566837 0.0398086 0.0217277 0.00243331 0.000824166 0.000512244 0.000384405 
74 0.987262 0.00475777 0.00328938 0.00307491 0.000291895 0.00052812 0.000572826 3.32939e-05 4.89234e-07 0.000189572 
75 0.419654 0.374832 0.169313 0.0253373 0.00768196 0.00146294 0.000849336 0.00045479 0.000219064 0.000195067 
76 0.079736 0.567505 0.137629 0.124162 0.0837984 0.00595785 0.000573765 0.000305312 0.00018976 0.000142403 
77 0.190741 0.586291 0.130589 0.0411823 0.0180403 0.0153202 0.0132556 0.00219355 0.00136336 0.00102311 
78 0.512762 0.352145 0.0847868 0.0236218 0.0145779 0.00983953 0.00104566 0.000610805 0.00031233 0.000298786 
79 0.449786 0.331482 0.187574 0.013406 0.00487707 0.002717 0.000995466 0.000581486 0.000349913 0.00823186 
80 0.114356 0.586592 0.160548 0.0614089 0.028503 0.0151106 0.0243245 0.00479278 0.0023086 0.00205571 
81 0.189601 0.679082 0.0741576 0.0242854 0.0182497 0.00635274 0.00272264 0.00187773 0.00300495 0.000665747 
82 0.149966 0.53654 0.172249 0.0822189 0.0302463 0.0130865 0.00775726 0.00415375 0.00200078 0.00178162 
83 0.197687 0.641565 0.0897308 0.0370387 0.0272119 0.004869 0.000898409 0.000478458 0.000297376 0.000223161 
84 0.307853 0.387195 0.100728 0.133301 0.0427827 0.0173242 0.00617229 0.00237129 0.00202686 0.00024603 
85 0.688138 0.219355 0.0574243 0.027115 0.00690647 0.000201579 0.00056472 0.000283385 4.4046e-06 7.35992e-06 
86 0.0933331 0.586605 0.131726 0.0932781 0.0309165 0.0449487 0.008975 0.00356838 0.00357154 0.00307684 
87 0.431371 0.41809 0.0826989 0.0341294 0.0133368 0.00580951 0.0127225 0.000920405 0.000470472 0.000450069 
88 0.139735 0.498262 0.171687 0.0864529 0.0540949 0.0245143 0.0116244 0.00621563 0.00355519 0.00385832 
89 0.522128 0.359699 0.0746554 0.023277 0.0101967 0.00512784 0.00232805 0.00123983 0.000770593 0.000578278 
90 0.403465 0.445266 0.0960085 0.0358199 0.0109753 0.00471701 0.00172824 0.00100953 0.000516212 0.000493826 
91 0.99278 0.00417661 0.0026207 0.000130434 2.64092e-05 0.000130026 0.000130716 2.85252e-06 5.65788e-07 2.0307e-06 
92 0.452724 0.439449 0.0856802 0.0127361 0.00730165 0.00197912 6.50936e-05 3.58793e-05 1.11366e-05 1.86089e-05 
93 0.148014 0.489032 0.194936 0.102256 0.0457834 0.0125756 0.00365911 0.00195931 0.000943766 0.000840385 
94 0.272311 0.457174 0.0637541 0.0488443 0.0916382 0.0305631 0.0186852 0.0117311 0.00495502 0.00034462 
95 0.483803 0.410447 0.0941672 0.00575029 0.00178641 0.00190272 0.00141633 0.00014504 0.00055921 2.2527e-05 
96 0.109359 0.595951 0.176968 0.058734 0.0272455 0.0144337 0.00855581 0.00458134 0.00220675 0.00196502 
97 0.980369 0.0133575 0.00469312 0.000377917 0.00106505 7.11206e-05 4.32762e-05 1.20944e-05 2.41834e-06 8.67977e-06 
98 0.400934 0.457761 0.0872206 0.0223826 0.00933165 0.0185143 0.00177825 0.00103837 0.000530961 0.000507936 
99 0.0202924 0.604502 0.206204 0.0613859 0.050369 0.0185474 0.0357194 0.001578 0.000737404 0.000664952 
100 0.112623 0.592856 0.158115 0.0604784 0.0280711 0.014871 0.0117674 0.013994 0.00519892 0.00202456 
101 0.0880069 0.511742 0.20807 0.097078 0.0476818 0.0214251 0.0119663 0.00639845 0.00365976 0.0039718 
102 0.385582 0.493691 0.0636978 0.0331373 0.0126357 0.00551003 0.000315159 0.00305333 0.00228382 9.41217e-05 
103 0.0898491 0.50444 0.222686 0.104034 0.033245 0.0269143 0.00878182 0.00527186 0.00251232 0.00226547 
104 0.163279 0.739255 0.0734186 0.0107367 0.00869046 0.00235881 0.0010709 0.000570323 0.000354473 0.000266008 
105 0.491789 0.314271 0.106833 0.0611903 0.0210783 0.00393757 0.000279843 0.000593808 1.03587e-05 1.67e-05 
106 0.447812 0.429294 0.062974 0.0442477 0.0129161 0.00154072 0.00056051 0.000327414 0.00016742 0.00016016 
107 0.331757 0.489348 0.114832 0.0253813 0.0238992 0.0061089 0.00231791 0.00359982 0.0022222 0.000533392 
108 0.0354531 0.798452 0.137999 0.020138 0.00545893 0.00229746 0.000117287 4.18215e-05 2.13851e-05 2.04577e-05 
109 0.103723 0.762966 0.087249 0.0239526 0.0112689 0.00674219 0.000798061 0.00117928 0.0020184 0.000103204 
110 0.986721 0.00901746 0.00332857 0.000388125 0.000272442 0.000216932 2.75593e-05 1.52338e-05 4.72845e-06 7.90105e-06 
111 0.0835847 0.535829 0.143096 0.116169 0.0515969 0.0371943 0.0146376 0.00818408 0.00487778 0.00483166 
112 0.328861 0.497998 0.11211 0.0326446 0.0143002 0.00719149 0.00326495 0.00173879 0.00108071 0.000811 
113 0.184996 0.581161 0.105883 0.0731578 0.0439731 0.00899616 0.000991318 0.000420149 0.00021484 0.000205523 
114 0.0917704 0.634849 0.101951 0.10392 0.0283837 0.0185466 0.00731614 0.0129981 0.000182804 8.21143e-05 
115 0.762884 0.197223 0.0330734 0.00577086 0.000772399 0.000154072 5.62537e-05 3.28598e-05 1.68026e-05 1.60739e-05 
116 0.0894114 0.509434 0.204056 0.090525 0.0922845 0.00646744 0.00360048 0.0019252 0.00110117 0.00119506 
117 0.0582669 0.881891 0.0348479 0.0165854 0.00388406 0.00205763 0.0012197 0.000653105 0.000314589 0.000280128 
118 0.231926 0.640892 0.0900072 0.0255863 0.00838428 0.000306864 0.00276735 7.06687e-05 2.19281e-05 3.66409e-05 
119 0.112623 0.577705 0.158479 0.0800337 0.0384547 0.014871 0.00881507 0.00472016 0.00227362 0.00202456 
120 0.112463 0.669529 0.153772 0.0456427 0.00896294 0.00495726 0.00337378 0.00108489 0.00012257 9.19806e-05 
121 0.0839867 0.672181 0.136639 0.0759797 0.0133217 0.00303602 0.00249949 0.0117101 0.000369242 0.000277092 
122 0.640657 0.316233 0.025325 0.00230629 0.01434 0.000680179 0.000298158 8.33265e-05 1.66615e-05 5.98007e-05 
123 0.374164 0.478204 0.0920106 0.0363296 0.0101951 0.00506902 0.00185721 0.00108486 0.000554735 0.000530679 
124 0.833294 0.121818 0.0417328 0.00203044 0.000811624 0.000177039 6.26236e-05 3.65807e-05 1.87052e-05 1.7894e-05 
125 0.0330745 0.927675 0.0207137 0.01214 0.00251425 0.0022834 0.000732931 0.000396194 0.000236135 0.000233902 
126 0.806446 0.169514 0.0178438 0.0042741 0.00107385 0.000559103 1.17051e-05 4.12136e-06 0.000270438 2.34671e-06 
127 0.48098 0.381081 0.0508781 0.0414678 0.00747982 0.012425 0.00148334 0.0233218 0.000562656 0.000319854 
128 0.411289 0.512582 0.0599737 0.0156429 0.000312046 0.000102581 4.63772e-05 2.77793e-05 8.62247e-06 1.44078e-05 
129 0.506401 0.38117 0.0979191 0.0137635 0.000542101 0.000107884 4.59632e-05 2.75313e-05 8.54549e-06 1.42792e-05 
130 0.377241 0.4939 0.0884847 0.022707 0.00883528 0.00492209 0.00180338 0.00105342 0.000538656 0.000515297 
131 0.0682356 0.539544 0.196026 0.0982331 0.0432084 0.0256049 0.0135877 0.00543492 0.00543973 0.00468627 
132 0.362357 0.497766 0.097667 0.0237392 0.00923688 0.00514583 0.00188535 0.0011013 0.00056314 0.00053872 
133 0.0929867 0.39066 0.19869 0.136611 0.083981 0.0378834 0.0237803 0.0191042 0.00758771 0.00871606 
134 0.203278 0.589139 0.130589 0.0411823 0.0180403 0.00907234 0.00411886 0.00219355 0.00136336 0.00102311 
135 0.198443 0.593974 0.13059 0.0411823 0.0180403 0.00907234 0.00411886 0.00219355 0.00136336 0.00102311 
136 0.541078 0.377533 0.0513697 0.0171568 0.00731895 0.00284661 0.00128697 0.000770877 0.000239274 0.000399817 
137 0.219527 0.57197 0.138839 0.0373337 0.0162863 0.00819031 0.00371841 0.00198029 0.00123081 0.000923639 
138 0.211737 0.560705 0.153947 0.0393789 0.0172444 0.00867209 0.00393714 0.00209677 0.00130321 0.000977971 
139 0.320974 0.498348 0.139236 0.025186 0.00812845 0.00452833 0.00165911 0.000969144 0.000495564 0.000474073 
140 0.20781 0.599333 0.122369 0.0377022 0.0165157 0.00830566 0.00377079 0.00200818 0.00124814 0.000936648 
141 0.136154 0.606753 0.145943 0.0554386 0.0257319 0.0136318 0.00808048 0.00432682 0.00208415 0.00185585 
142 0.363359 0.49118 0.0897863 0.0290922 0.0176199 0.00499448 0.0018299 0.00106891 0.000546578 0.000522875 
143 0.202115 0.599278 0.12501 0.0393655 0.0172444 0.00867209 0.00393714 0.00209677 0.00130321 0.000977971 
144 0.0856878 0.535742 0.204228 0.090152 0.0374038 0.0228614 0.0110258 0.00676686 0.00322477 0.00290792 
145 0.111718 0.515839 0.193745 0.0897593 0.0430098 0.0296321 0.0123671 0.0020621 0.000982089 0.000885594 
146 0.76545 0.044421 0.168713 0.00660248 0.010577 0.00412048 7.68399e-05 2.02384e-05 4.04677e-06 1.45245e-05 
147 0.692847 0.152059 0.0826035 0.0241358 0.0363707 0.00286077 0.000303959 0.0086606 8.30613e-05 7.59733e-05 
148 0.344791 0.631651 0.0167337 0.00420654 0.00043466 0.00201998 8.98726e-05 3.62885e-05 1.85558e-05 1.77511e-05 
149 0.114356 0.586592 0.160548 0.0614089 0.0289912 0.0284748 0.0104721 0.00479278 0.0023086 0.00205571 
150 0.198144 0.611808 0.112067 0.0383906 0.0234525 0.0087955 0.00347696 0.0018517 0.00115089 0.000863662 
151 0.0416042 0.833262 0.0959304 0.00758914 0.0114151 0.00897477 0.000993151 0.000110699 6.88029e-05 5.1632e-05 
152 0.218418 0.57454 0.121262 0.0382408 0.0167517 0.00842431 0.00382465 0.006219 0.0113378 0.000981748 
153 0.458465 0.468641 0.0555669 0.0133468 0.00272984 0.00103455 0.000102498 5.45868e-05 3.39273e-05 2.54602e-05 
154 0.342325 0.388993 0.130065 0.0771847 0.0409781 0.013662 0.003763 0.00185781 0.00101033 0.000160633 
155 0.40495 0.484744 0.0984292 0.00589848 0.00306212 0.00140449 0.00122468 0.000137759 8.56214e-05 6.42531e-05 
156 0.700007 0.268712 0.0217931 0.00685578 0.00150634 0.000415137 0.000707456 1.88571e-06 2.69543e-07 9.67431e-07 
157 0.0850214 0.62262 0.155964 0.0453588 0.0254095 0.0377595 0.0210076 0.00363592 0.00170521 0.00151842 
158 0.127775 0.577705 0.158115 0.0605942 0.0363693 0.0216087 0.00881507 0.00472016 0.00227362 0.00202456 
159 0.368043 0.516398 0.0798417 0.020087 0.00781582 0.00435416 0.0015953 0.000931869 0.000476504 0.00045584 
160 0.121779 0.609264 0.11504 0.0533602 0.0458261 0.0228689 0.00960846 0.010934 0.00926315 0.00205587 
161 0.385886 0.518246 0.0721485 0.015127 0.00212243 0.00352371 0.00187133 0.000140441 0.000879608 5.50969e-05 
162 0.364682 0.48545 0.0925067 0.0237392 0.00923688 0.00514583 0.00188535 0.00373487 0.0130811 0.00053872 
163 0.0833189 0.495204 0.179357 0.0818786 0.0691657 0.0394397 0.0276861 0.012182 0.0103389 0.00142901 
164 0.0279409 0.832393 0.12566 0.00926916 0.00274708 0.000913852 0.000735741 0.000199569 7.41398e-05 6.60185e-05 
165 0.364074 0.550952 0.0679251 0.008925 0.00397407 0.00328984 0.000655405 0.000131912 4.1801e-05 3.13689e-05 
166 0.0875868 0.58359 0.167063 0.105597 0.0392998 0.00730072 0.00687311 0.002562 6.86665e-05 5.91605e-05 
167 0.526376 0.366422 0.0624766 0.0171568 0.00731895 0.00284662 0.00128697 0.000770877 0.000255451 0.0150895 
168 0.281144 0.312821 0.137076 0.104943 0.0803015 0.0392694 0.0295108 0.00323115 0.00186075 0.0098426 
169 0.606772 0.266599 0.0737418 0.0249348 0.0200535 0.00575738 0.00101411 0.000540078 0.000335675 0.000251901 
170 0.13021 0.50003 0.131796 0.144803 0.0735633 0.00899483 0.00524139 0.00280658 0.00135188 0.00120379 
171 0.192384 0.594249 0.171142 0.0221777 0.00723688 0.00936087 0.00165605 0.000858919 0.000533844 0.000400614 
172 0.351977 0.479264 0.123806 0.0272848 0.00883528 0.00492209 0.00180338 0.00105342 0.000538656 0.000515297 
173 0.403315 0.459268 0.0848358 0.0217609 0.00846714 0.0048836 0.0154113 0.0010488 0.000516212 0.000493826 
174 0.192425 0.507072 0.189033 0.058738 0.030241 0.0213304 0.00090556 0.000127519 6.52057e-05 6.23781e-05 
175 0.114109 0.483853 0.171529 0.0705021 0.0318692 0.0318999 0.00935137 0.005739 0.00628407 0.0748634 
176 0.128214 0.638604 0.118755 0.0474041 0.0334942 0.0115627 0.0106353 0.00721238 0.00197511 0.00214351 
177 0.37368 0.518409 0.0764434 0.0273007 0.00229182 0.001045 0.000382872 0.000223649 0.000114361 0.000109402 
178 0.255804 0.508028 0.135627 0.0544355 0.0212954 0.0112815 0.0066873 0.00358081 0.00172481 0.00153588 
179 0.114356 0.586592 0.160548 0.0614089 0.028503 0.0150998 0.00895069 0.00479278 0.00306888 0.0166799 
180 0.931086 0.04875 0.0114976 0.00218346 0.00582061 0.000347792 0.00015011 8.99136e-05 2.79084e-05 4.66339e-05 
181 0.0690813 0.571594 0.161702 0.0837645 0.0505633 0.022062 0.0224493 0.01267 0.00376595 0.00234736 
182 0.128166 0.661832 0.1322 0.0425751 0.0275553 0.00438435 0.00155655 0.000828957 0.000515222 0.00038664 
183 0.143581 0.62587 0.101833 0.0741285 0.0167641 0.0298169 0.0039578 0.00211926 0.00102081 0.000908988 
184 0.112757 0.587474 0.197119 0.0637486 0.0172831 0.0105635 0.00509469 0.00312676 0.00149007 0.00134366 
185 0.165317 0.456757 0.201582 0.0869085 0.0614924 0.0101827 0.0156415 0.00112032 0.000528376 0.000470497 
186 0.558878 0.402217 0.0266137 0.0109308 0.000762749 0.00045252 7.47425e-05 3.5216e-05 1.80074e-05 1.72265e-05 
187 0.0815524 0.408205 0.197392 0.134541 0.0827086 0.0373094 0.02342 0.0188147 0.00747275 0.008584 
188 0.191838 0.598333 0.132835 0.0411823 0.0180403 0.00907234 0.00411886 0.00219355 0.00136336 0.00102311 
189 0.0922153 0.533222 0.184992 0.0904045 0.0495563 0.0224139 0.0125186 0.00669376 0.00382867 0.00415512 
190 0.5094 0.284729 0.0549282 0.117409 0.0280304 0.00281077 0.00127488 0.000678955 0.000421991 0.000316676 
191 0.065526 0.526869 0.199536 0.109072 0.0442445 0.0256049 0.0135877 0.00543492 0.00543973 0.00468627 
192 0.807267 0.148289 0.0247097 0.0080161 0.00976509 0.00112302 0.000540412 0.000151029 3.0199e-05 0.000108389 
193 0.0240009 0.529122 0.259886 0.097689 0.0373141 0.0465615 0.00261148 0.00147681 0.000703777 0.000634628 
194 0.190741 0.586291 0.130589 0.0411823 0.0180639 0.0244333 0.00411886 0.00219355 0.00136336 0.00102311 
195 0.0997721 0.453219 0.248928 0.0839722 0.0757202 0.0173443 0.00968702 0.00517969 0.00296266 0.00321527 
196 0.666687 0.222827 0.0565955 0.0289547 0.00947319 0.00960714 0.0028945 0.0015499 0.000746561 0.000664782 
197 0.15688 0.550458 0.170532 0.0651452 0.027006 0.0136318 0.00808048 0.00432682 0.00208415 0.00185585 
198 0.147321 0.764052 0.0687394 0.0173366 0.0012867 0.000645188 0.000292917 0.000155996 9.69564e-05 7.27593e-05 
199 0.080071 0.547113 0.189718 0.0769755 0.0348063 0.0279879 0.0144374 0.0231833 0.00300083 0.00270598 
200 0.366241 0.486127 0.091126 0.0233849 0.00909902 0.00506902 0.00241525 0.0154268 0.000580108 0.000530679 
201 0.0859915 0.479237 0.173219 0.155864 0.0654769 0.0252379 0.00702297 0.00362579 0.00207386 0.00225069 
202 0.129007 0.627431 0.148109 0.0378162 0.0174853 0.0131036 0.00452636 0.00157953 0.0106858 0.0102561 
203 0.415352 0.484545 0.0527436 0.0216881 0.0161638 0.00747972 0.000995585 0.000626949 0.000391986 1.40868e-05 
204 0.432342 0.506515 0.0316751 0.0109612 0.0099801 0.00692677 0.000995696 0.000443193 9.24068e-05 6.93451e-05 
205 0.0881053 0.528633 0.195831 0.0900006 0.0454893 0.0272794 0.0113651 0.00697507 0.00332399 0.0029974 
206 0.354908 0.492918 0.0939299 0.0241044 0.00937899 0.00522499 0.00191436 0.00111824 0.00208137 0.0144221 
207 0.480573 0.399072 0.0732329 0.0308464 0.00833994 0.00360841 0.00213895 0.00114533 0.000551687 0.000491254 
208 0.18795 0.59246 0.128611 0.0405584 0.0177669 0.00893488 0.00405645 0.00216031 0.0093763 0.00812552 
209 0.0646532 0.819795 0.102469 0.0102785 0.00206533 0.000411666 0.000150828 8.8104e-05 4.50512e-05 4.30976e-05 
210 0.0694212 0.587315 0.162101 0.13642 0.0141242 0.0198506 0.00695003 0.00133423 0.00133427 0.00114946 
211 0.0228622 0.746417 0.186876 0.0246165 0.00983602 0.00375339 0.00445607 0.000666229 0.000273331 0.00024339 
212 0.0400441 0.729287 0.180309 0.0283028 0.0135115 0.00421333 0.00199657 0.00122535 0.000583945 0.00052657 
213 0.219148 0.598259 0.128266 0.0369828 0.00853398 0.00509571 0.0019214 0.000938346 0.000451984 0.000402473 
214 0.0561908 0.611384 0.193376 0.0641395 0.0245692 0.0183585 0.0234949 0.00445856 0.00211823 0.00191011 
215 0.262202 0.523908 0.11768 0.0587944 0.00602931 0.00472048 0.0253991 0.000634672 0.000323194 0.000309178 
216 0.116244 0.597394 0.219893 0.0606081 0.00438121 0.000824331 0.000302022 0.000176422 9.02118e-05 8.62997e-05 
217 0.0558697 0.801039 0.116336 0.0226858 0.00338787 0.000435684 0.000113534 6.63192e-05 3.39118e-05 3.24412e-05 
218 0.1033 0.420865 0.249499 0.111984 0.0340669 0.0367487 0.0243971 0.0164661 0.00130838 0.00136405 
219 0.308817 0.384607 0.218969 0.0427207 0.0312286 0.00389064 0.000957179 0.000559122 0.000285971 0.00796568 
220 0.0637678 0.512936 0.240758 0.111976 0.0391129 0.00981474 0.0120928 0.00418755 0.00433143 0.00102304 
221 0.0965593 0.52194 0.21461 0.0759211 0.0343295 0.0209823 0.0101196 0.00621068 0.00555617 0.0137711 
222 0.504277 0.376047 0.0580943 0.0169334 0.0326126 0.00634851 0.00497346 0.000362505 0.000200948 0.000150798 
223 0.207399 0.549781 0.178403 0.0146647 0.0134419 0.0324597 0.00268793 0.000581486 0.000297338 0.000284444 
224 0.627469 0.25893 0.061283 0.0220406 0.00965525 0.00847068 0.0102053 0.000931899 0.000579203 0.000434654 
225 0.189324 0.590761 0.128937 0.0405584 0.0177669 0.00893488 0.00452451 0.0168437 0.00134272 0.00100761 
226 0.551322 0.357898 0.0485401 0.0162037 0.00970627 0.0137831 0.00121576 0.00072805 0.000225981 0.000377605 
227 0.0647232 0.725907 0.169556 0.0261384 0.00714186 0.00325264 0.000561285 0.000298912 0.000216008 0.00220471 
228 0.0677555 0.502654 0.241109 0.126696 0.0374948 0.0154411 0.00653444 0.00121218 0.000583886 0.000519927 
229 0.132565 0.486045 0.182761 0.154798 0.0282974 0.00779108 0.0038276 0.00204955 0.000987228 0.000879087 
230 0.0893957 0.700349 0.167012 0.019544 0.015389 0.00424246 0.00192608 0.00102576 0.000637541 0.000478432 
231 0.844911 0.105551 0.0369083 0.00263496 0.000981801 0.00848222 0.000345864 9.66588e-05 1.93274e-05 6.93688e-05 
232 0.75687 0.170968 0.0446888 0.00757121 0.00287563 0.00284099 0.0134454 0.000396354 0.000175317 0.000167715 
233 0.0881053 0.528633 0.195831 0.0852652 0.0450606 0.032301 0.0115076 0.00697507 0.00332399 0.0029974 
234 0.111409 0.576588 0.181626 0.070815 0.0278188 0.0144337 0.00855581 0.00458134 0.00220675 0.00196502 
235 0.112624 0.590743 0.175379 0.0604784 0.0280711 0.014871 0.00881507 0.00472016 0.00227362 0.00202456 
236 0.114553 0.601668 0.160659 0.0614089 0.028503 0.0150998 0.00895069 0.00479278 0.0023086 0.00205571 
237 0.355176 0.507512 0.0944526 0.0241044 0.00937899 0.00522499 0.00191436 0.00111824 0.000571804 0.000547008 
238 0.109693 0.502606 0.167216 0.0897649 0.0762293 0.0302731 0.0108969 0.00609259 0.00363124 0.0035969 
239 0.037198 0.54514 0.309801 0.0483697 0.0315317 0.0170242 0.00532357 0.00294402 0.00140298 0.00126513 
240 0.0877728 0.697071 0.118137 0.0665873 0.0113645 0.00761568 0.00715854 0.00307787 0.000639229 0.000576422 
241 0.183561 0.60325 0.120973 0.0466296 0.0160633 0.00807811 0.00366748 0.00195316 0.00128342 0.0145401 
242 0.0982797 0.612765 0.167553 0.0594305 0.025868 0.0160426 0.0127118 0.00442425 0.001547 0.00137754 
243 0.0818121 0.505162 0.224366 0.079507 0.0358008 0.0218816 0.0105533 0.00750894 0.0145458 0.0188624 
244 0.691325 0.194164 0.0600156 0.0326751 0.0173126 0.00338865 0.000561668 0.000304765 9.45966e-05 0.000158067 
245 0.0881053 0.528633 0.195831 0.0852652 0.0385547 0.0235648 0.0113651 0.00697507 0.0115523 0.0101537 
246 0.363674 0.478305 0.10304 0.0370477 0.00897018 0.00499448 0.0018299 0.00106891 0.000546578 0.000522875 
247 0.21847 0.478648 0.15611 0.0977011 0.0324311 0.00741302 0.00755757 0.00130418 0.000208513 0.000156475 
248 0.354908 0.492918 0.0939299 0.0241044 0.00937899 0.00522499 0.00890347 0.00951375 0.000571804 0.000547008 
249 0.540099 0.326277 0.0932123 0.0249474 0.00506205 0.00856395 0.00084962 0.000494461 0.000252839 0.000241874 
250 0.130855 0.531939 0.204056 0.0850789 0.0327518 0.0054656 0.00753704 0.00229338 8.73536e-06 1.45856e-05 
251 0.374937 0.440007 0.127593 0.0368087 0.0105217 0.00517282 0.00234847 0.00125071 0.000777352 0.000583351 
252 0.121813 0.469073 0.22671 0.11095 0.0317749 0.0193887 0.00935102 0.00573899 0.00273493 0.00246621 
253 0.114356 0.586592 0.161696 0.0756222 0.0285259 0.0150998 0.00895069 0.00479278 0.0023086 0.00205571 
254 0.364682 0.48545 0.0925067 0.0237392 0.00958333 0.0199408 0.0018954 0.0011013 0.000563141 0.00053872 
255 0.190741 0.588207 0.144056 0.0411852 0.0180403 0.00907234 0.00411886 0.00219355 0.00136336 0.00102311 
256 0.0885982 0.464435 0.195481 0.111807 0.0646608 0.0402454 0.0122211 0.0116556 0.0054223 0.00547316 
257 0.389847 0.444995 0.0847978 0.0217609 0.00846714 0.0126793 0.0282511 0.00819108 0.000516212 0.000493826 
258 0.460994 0.352222 0.093851 0.0372838 0.0147081 0.00778959 0.00861005 0.02194 0.00154028 0.00106049 
259 0.655184 0.255334 0.0488481 0.00715305 0.0217442 0.0013374 0.00986615 0.000318542 8.01508e-05 0.000133929 
260 0.143285 0.696026 0.149384 0.00957268 0.000713792 0.000835391 8.46701e-05 4.94125e-05 2.52667e-05 2.4171e-05 
261 0.27343 0.474793 0.142309 0.0542146 0.0376814 0.0116345 0.00273604 0.00167918 0.00080022 0.000721596 
262 0.665615 0.241929 0.0514215 0.0111121 0.00435483 0.0180997 0.00643694 0.000515502 0.000263598 0.000252167 
263 0.18375 0.425156 0.223336 0.0960579 0.0241217 0.0239548 0.0139991 0.00837889 0.000655053 0.000590396 
264 0.0521938 0.825329 0.0960629 0.0191875 0.000893974 0.00538681 0.000848015 4.97827e-05 2.47123e-05 2.36406e-05 
265 0.0608466 0.528753 0.199654 0.0976865 0.0479389 0.0237761 0.0126172 0.00504675 0.00555596 0.0181249 
266 0.089175 0.798209 0.0994558 0.00973854 0.00187532 0.000789427 0.000358401 0.000190871 0.000118632 8.90255e-05 
267 0.582478 0.29876 0.0741072 0.0226071 0.0101301 0.00358581 0.00668695 0.000787755 0.000489603 0.000367414 
268 0.208355 0.729599 0.0568943 0.00401489 0.000977836 8.92185e-05 3.22533e-05 1.88403e-05 9.63381e-06 9.21603e-06 
269 0.0289248 0.50012 0.251473 0.108302 0.0662025 0.0343938 0.00809081 0.00150905 0.000516889 0.000466102 
270 0.112623 0.592856 0.158115 0.0604784 0.0280711 0.0159268 0.0229082 0.00472279 0.00227362 0.00202456 
271 0.0930753 0.859133 0.0377073 0.00711405 0.00126083 0.00102035 0.000208457 5.36277e-05 0.000402879 2.46578e-05 
272 0.0337708 0.817738 0.123995 0.0120509 0.00841158 0.00150775 0.00163347 0.000311526 0.000311801 0.000268614 
273 0.224054 0.591185 0.0931278 0.0231392 0.0346512 0.0112147 0.0118188 0.00955838 0.000662531 0.00058864 
274 0.293735 0.352278 0.188318 0.103942 0.039978 0.00978083 0.010276 0.00138949 0.000161231 0.000141999 
275 0.408655 0.504158 0.0743083 0.00958327 0.00263194 0.000340193 0.000153803 9.21259e-05 2.85951e-05 4.77813e-05 
276 0.0837065 0.537288 0.183728 0.096047 0.0325462 0.0220171 0.0204561 0.00763073 0.0140503 0.00253027 
277 0.218178 0.551812 0.131354 0.0424005 0.0240677 0.0101399 0.0114361 0.00842477 0.00125076 0.000936648 
278 0.170026 0.762081 0.0570397 0.00740744 0.00249937 0.000527371 0.000193219 0.000112866 5.77131e-05 5.52104e-05 
279 0.944993 0.0381935 0.0064068 0.00631381 0.00349093 0.000343731 0.000123086 7.37266e-05 2.28841e-05 3.82385e-05 
280 0.605315 0.30656 0.0470258 0.0157657 0.00672552 0.00359768 0.0131339 0.00128872 0.000219873 0.000367399 
281 0.273986 0.671806 0.0421 0.00617049 0.00360637 0.00105993 0.000628288 0.000336427 0.00016205 0.000144299 
282 0.0460504 0.516664 0.161628 0.11466 0.104433 0.0219849 0.0254676 0.00318261 0.00318543 0.00274421 
283 0.0427543 0.717596 0.215005 0.0135779 0.00807528 0.00136577 0.000803584 0.000430291 0.000207263 0.00018456 
284 0.0753601 0.623686 0.149355 0.098247 0.0254986 0.0143838 0.00874335 0.00165079 0.00165225 0.0014234 
285 0.154038 0.560317 0.132341 0.0399906 0.0174782 0.00926035 0.0142532 0.00360731 0.00555509 0.0631588 
286 0.0510649 0.73167 0.160851 0.0240634 0.021345 0.00407255 0.00433482 0.00160941 0.000522853 0.000465579 
287 0.0909247 0.638184 0.210055 0.033514 0.0107987 0.00859824 0.00638227 0.00073876 0.000459161 0.00034457 
288 0.0832532 0.508507 0.223211 0.0858894 0.0537873 0.0208005 0.0113015 0.00604298 0.00345644 0.00375115 
289 0.110778 0.740018 0.0676094 0.0142526 0.00419032 0.0448014 0.0177118 0.000318803 0.000163014 0.000155945 
290 0.0846757 0.563677 0.187191 0.0815035 0.0368538 0.0225252 0.0108637 0.00666735 0.00317735 0.00286516 
291 0.0779564 0.564665 0.145176 0.0932699 0.0481513 0.0377578 0.0148594 0.00830808 0.00495169 0.00490487 
292 0.308837 0.48463 0.119515 0.0575212 0.0148748 0.00746458 0.00338893 0.00180482 0.00112175 0.000841798 
293 0.604873 0.320438 0.0471039 0.0157657 0.00672552 0.00261581 0.00118262 0.000708373 0.000219873 0.000367399 
294 0.15733 0.634688 0.169613 0.0271016 0.00938561 0.00142974 0.000252097 0.000100118 5.11946e-05 4.89745e-05 
295 0.094876 0.662376 0.168779 0.053143 0.00878209 0.0112647 0.000434856 0.000165024 0.000102567 7.69699e-05 
296 0.110827 0.624488 0.10288 0.059898 0.0307345 0.0481555 0.0048361 0.0168775 0.0007447 0.00055884 
297 0.0415365 0.737401 0.200134 0.0152384 0.0033514 0.00121259 0.000556741 0.000298116 0.000143597 0.000127867 
298 0.0823319 0.516977 0.204088 0.0904818 0.0625841 0.0212738 0.0102601 0.00629694 0.00300083 0.00270598 
299 0.0964795 0.443561 0.186912 0.116983 0.0776362 0.0366188 0.0145458 0.0140911 0.00655531 0.0066168 
300 0.0387102 0.516185 0.216061 0.133848 0.0413921 0.0222814 0.013789 0.00442204 0.00750577 0.00580497 
301 0.0564891 0.676046 0.215814 0.0204461 0.0136079 0.01343 0.000847152 0.00155105 0.00167007 9.92573e-05 
302 0.0241649 0.6896 0.2592 0.0216497 0.00315768 0.00108864 0.000525039 0.000322231 0.00015356 0.000138472 
303 0.0487818 0.594429 0.159005 0.0836544 0.0826361 0.016179 0.00467301 0.00186915 0.00194826 0.00682512 
304 0.211363 0.546784 0.131172 0.0797985 0.00360731 0.00236822 0.0132622 0.0110668 0.000367346 0.000210388 
305 0.117511 0.557488 0.168311 0.0732009 0.0257319 0.0136318 0.0261647 0.0138573 0.00224729 0.00185585 
306 0.0270277 0.86871 0.0733758 0.01847 0.00547887 0.00324428 0.00172163 0.000688635 0.000689244 0.000593777 
307 0.103279 0.617925 0.167199 0.0558855 0.0257319 0.0136318 0.00808048 0.00432682 0.00208415 0.00185585 
308 0.146072 0.538195 0.168495 0.0819999 0.0175677 0.0223092 0.0133198 0.00147547 0.00995016 0.000615759 
309 0.215462 0.542637 0.126309 0.047327 0.0328497 0.018556 0.0134147 0.00170202 0.000995709 0.000747213 
310 0.0775844 0.629108 0.143316 0.10823 0.0274614 0.0042681 0.00487941 0.00421546 0.000495409 0.000440994 
311 0.391376 0.396756 0.117305 0.0466848 0.0198281 0.0168399 0.0055409 0.00296696 0.00142913 0.00127258 
312 0.40049 0.445542 0.0942118 0.0344356 0.00703146 0.00385937 0.00141401 0.000825975 0.000790626 0.0113991 
313 0.12206 0.572688 0.17008 0.0539402 0.0258867 0.0227031 0.0238452 0.00496379 0.00202782 0.00180569 
314 0.0883396 0.433896 0.193569 0.180774 0.0445727 0.0272933 0.0259406 0.0029474 0.00140298 0.00126513 
315 0.0409979 0.681104 0.20071 0.0545876 0.0105439 0.0058912 0.00284127 0.00174377 0.000830998 0.000749349 
316 0.0583858 0.556545 0.181709 0.113089 0.053073 0.0108043 0.025459 0.000484847 0.000256864 0.000192759 
317 0.121038 0.571091 0.16675 0.0630088 0.0476695 0.0138648 0.00819429 0.00438776 0.0021135 0.00188199 
318 0.12642 0.583807 0.163899 0.0710439 0.0291792 0.00485427 0.0183768 0.00115919 0.000720473 0.000540667 
319 0.224997 0.449645 0.145738 0.104468 0.0234334 0.0208439 0.0206548 0.00762496 0.0013797 0.00121474 
320 0.284303 0.518682 0.143669 0.037451 0.0101194 0.00294851 0.00133863 0.000712903 0.000443091 0.00033251 
321 0.131394 0.578534 0.132825 0.0794082 0.048941 0.00819945 0.0123973 0.00771944 0.000331905 0.000249071 
322 0.0842183 0.508066 0.224105 0.100658 0.0368538 0.0225252 0.0108637 0.00666735 0.00317735 0.00286516 
323 0.311743 0.472963 0.123592 0.0211728 0.0189521 0.0463982 0.00321306 0.000982241 0.00050226 0.00048048 
324 0.135979 0.509801 0.173275 0.0956201 0.0369676 0.0290484 0.0101354 0.0041836 0.00239292 0.00259695 
325 0.0691715 0.542566 0.208814 0.0699858 0.0502595 0.0265383 0.0261059 0.00358091 0.00156565 0.00141182 
326 0.219727 0.548815 0.109164 0.0787334 0.0130022 0.0222297 0.00733328 0.000497853 0.00025457 0.000243531 
327 0.0784532 0.571003 0.185013 0.08826 0.0343295 0.0209823 0.0101196 0.00621068 0.00295972 0.00266892 
328 0.109311 0.619279 0.153722 0.0586997 0.0272455 0.0144337 0.00855581 0.00458134 0.00220675 0.00196502 
329 0.182326 0.591849 0.143194 0.0483456 0.0172994 0.00867209 0.00393714 0.00209677 0.00130321 0.000977971 
330 0.182326 0.618889 0.125188 0.0393655 0.0172444 0.00867209 0.00393714 0.00209677 0.00130321 0.000977971 
331 0.0879852 0.529761 0.198067 0.089396 0.04737 0.0214251 0.0119663 0.00639845 0.00365976 0.0039718 
332 0.464248 0.436378 0.0747885 0.0157701 0.00611879 0.00150276 0.000550589 0.000321619 0.000164457 0.000157325 
333 0.0248328 0.842627 0.116587 0.0101118 0.00291388 0.00181968 0.000510999 0.000313324 0.000149315 0.000134645 
334 0.158082 0.684341 0.100645 0.0298209 0.0206082 0.00376057 0.00134822 0.000731258 0.000348483 0.000314243 
335 0.703459 0.271181 0.0214034 0.00143942 0.00175202 0.000696766 3.17031e-05 1.85186e-05 9.46935e-06 9.05871e-06 
336 0.150117 0.645868 0.103326 0.0853366 0.00910865 0.00318758 0.00144717 0.000770706 0.000479017 0.00035947 
337 0.372065 0.439073 0.131473 0.0211329 0.0199929 0.00332929 0.0114002 0.000734952 0.000456795 0.000342794 
338 0.119762 0.605428 0.15422 0.0624848 0.0277033 0.0138238 0.00819429 0.00438776 0.0021135 0.00188199 
339 0.112623 0.578049 0.172922 0.066412 0.0371373 0.0150228 0.00881507 0.00472016 0.00227362 0.00202456 
340 0.0850134 0.693086 0.146434 0.0527842 0.0149895 0.00530005 0.00122186 0.00061325 0.000295391 0.000263034 
341 0.0608137 0.562435 0.160255 0.105062 0.0643705 0.0373233 0.00665572 0.00260146 0.000284623 0.000199108 
342 0.0390239 0.830548 0.049476 0.0568966 0.00227244 0.00164253 0.0195525 0.00031035 0.000158814 0.000119179 
343 0.0539184 0.615587 0.175612 0.0996054 0.0364192 0.00851991 0.00475853 0.00254441 0.00145534 0.00157943 
344 0.0716885 0.79489 0.10247 0.0156053 0.00415822 0.00375119 0.00638153 0.000505605 0.000314249 0.000235823 
345 0.100202 0.372469 0.251843 0.114599 0.0197751 0.128908 0.00251982 0.00329816 0.00588989 0.000496284 
346 0.483266 0.302902 0.0611492 0.11944 0.0134372 0.0162038 0.00170526 0.000908157 0.000564447 0.00042358 
347 0.0634248 0.581635 0.164411 0.0761037 0.0734648 0.0403504 0.000410756 9.53716e-05 5.92763e-05 4.44829e-05 
348 0.389128 0.511581 0.0671374 0.0141263 0.0140632 0.00181019 0.000605537 0.00135609 0.000101735 9.05906e-05 
349 0.0923447 0.408871 0.180874 0.176789 0.0664973 0.0346063 0.0139224 0.0134872 0.00627437 0.00633322 
350 0.0264063 0.593688 0.179075 0.158328 0.0251492 0.00409544 0.00591055 0.00622951 0.000768348 0.00034888 
351 0.135447 0.589346 0.186178 0.067243 0.013287 0.00386477 0.00229053 0.0012265 0.000590782 0.000526068 
352 0.0484008 0.467847 0.260515 0.125245 0.0353678 0.0410909 0.0100408 0.00401443 0.00401798 0.00346145 
353 0.765422 0.188799 0.0239956 0.0109243 0.00857473 0.00117315 0.000530387 0.000317695 9.86098e-05 0.000164773 
354 0.0921863 0.544938 0.193436 0.0839733 0.0379706 0.0232077 0.0111929 0.00686939 0.00327363 0.00295198 
355 0.503573 0.362233 0.0785955 0.026611 0.0182662 0.0054855 0.00247894 0.00132019 0.000820538 0.000615759 
356 0.591711 0.308557 0.0567706 0.0198227 0.0180447 0.00261581 0.00118262 0.000708373 0.000219873 0.000367399 
357 0.368895 0.500347 0.0897892 0.023041 0.00896521 0.00499448 0.0018299 0.00106891 0.000546578 0.000522875 
358 0.358433 0.506823 0.0925343 0.0237392 0.00923688 0.00514583 0.00188535 0.0011013 0.00056314 0.00053872 
359 0.0676712 0.614196 0.161489 0.0613908 0.040026 0.0334464 0.0128638 0.0040663 0.00232583 0.00252414 
360 0.0897505 0.611463 0.239507 0.0419349 0.00903441 0.00424246 0.00192608 0.00102576 0.000637541 0.000478432 
361 0.0707727 0.552315 0.14606 0.0993734 0.0562286 0.0417182 0.015088 0.0084359 0.00502787 0.00498033 
362 0.122227 0.569758 0.163193 0.0866882 0.0268508 0.0142245 0.00843181 0.00451494 0.00217476 0.00193654 
363 0.0879834 0.466126 0.189951 0.130035 0.0566754 0.0526795 0.00847276 0.0042372 0.00201925 0.00182085 
364 0.0845915 0.440076 0.205312 0.14859 0.0563137 0.0427644 0.0140859 0.00746293 0.0005087 0.000294752 
365 0.107727 0.596065 0.15124 0.0608383 0.0383541 0.0142245 0.00843181 0.00451494 0.0023443 0.0162596 
366 0.146953 0.38662 0.153929 0.106071 0.0846925 0.0723684 0.0209562 0.0169486 0.00570397 0.00575748 
367 0.219247 0.494033 0.142701 0.0803304 0.0295599 0.0293756 0.00225207 0.00119816 0.00074469 0.00055884 
368 0.0881053 0.528633 0.198277 0.0980527 0.0387055 0.0235648 0.0113651 0.00697507 0.00332399 0.0029974 
369 0.0703218 0.559616 0.210164 0.106584 0.0440905 0.00673886 0.00237735 5.54511e-05 2.6416e-05 2.52704e-05 
370 0.0823708 0.668297 0.149196 0.0652163 0.0161501 0.00853468 0.00505908 0.00270896 0.00130486 0.00116192 
371 0.160097 0.618635 0.187644 0.0248636 0.00368613 0.00149715 0.000423286 0.00273432 0.000319251 0.000100156 
