2 0.276965 0.719842 0.00230372 0.000663803 8.56327e-05 5.91154e-05 3.43372e-05 2.17048e-05 1.22413e-05 1.20059e-05 
3 0.204683 0.787987 0.004258 0.00217892 0.000344491 0.000210246 0.000140789 8.32842e-05 5.54375e-05 5.88649e-05 
4 0.146618 0.848119 0.00495462 0.000121464 7.10978e-05 4.90819e-05 2.85092e-05 1.80209e-05 1.01636e-05 9.9682e-06 
5 0.407455 0.591927 0.000282775 0.000249494 3.33511e-05 1.99279e-05 1.15614e-05 8.88171e-06 5.9238e-06 5.4701e-06 
6 0.189875 0.799957 0.0058724 0.00251398 0.00141286 0.000148314 9.16889e-05 5.42387e-05 3.61036e-05 3.83357e-05 
7 0.146474 0.851007 0.00200092 0.000193687 0.000124495 7.64246e-05 5.1177e-05 3.02739e-05 2.01516e-05 2.13975e-05 
8 0.299664 0.699292 0.00065335 0.000139199 9.85131e-05 5.91757e-05 3.43313e-05 2.63741e-05 1.75907e-05 1.62434e-05 
9 0.14992 0.846998 0.000794232 0.000775207 0.000144425 0.000658235 0.000110246 0.000550567 2.57629e-05 2.37517e-05 
10 0.119546 0.872076 0.00805376 0.000193065 5.2838e-05 3.34261e-05 1.94155e-05 1.22727e-05 6.92168e-06 6.78862e-06 
11 0.976022 0.0190652 0.00275252 0.000726133 0.000707864 0.000666283 2.98873e-05 1.3014e-05 8.67987e-06 8.01508e-06 
12 0.182892 0.816743 0.000314093 2.80468e-05 8.51964e-06 6.15804e-06 3.17056e-06 2.06557e-06 8.76294e-07 1.79094e-06 
13 0.146964 0.851546 0.00129985 6.78436e-05 4.77164e-05 2.86627e-05 1.66289e-05 1.27747e-05 8.52032e-06 7.86775e-06 
14 0.219661 0.774292 0.00457663 0.00057547 0.000340436 0.000235018 0.00013651 8.62889e-05 4.86661e-05 4.77305e-05 
15 0.06351 0.911552 0.0198986 0.00120108 0.000769817 0.00047408 0.0021498 0.000187203 0.000124607 0.000132311 
16 0.0714512 0.89516 0.010121 0.00578892 0.01051 0.00534049 0.000693536 0.000434375 0.000222066 0.000278488 
17 0.376073 0.621243 0.00133593 0.000890095 0.000176583 0.000108079 7.23739e-05 4.28129e-05 2.84981e-05 3.026e-05 
18 0.0933327 0.803881 0.0411705 0.0310074 0.0111232 0.0054452 0.00463904 0.00676634 0.00129151 0.00134327 
19 0.189454 0.732533 0.0419526 0.013397 0.00845054 0.00575208 0.00360318 0.00225675 0.00115372 0.00144686 
20 0.274928 0.717904 0.00352432 0.00208489 0.000599476 0.000367931 0.000246381 0.000145747 9.70157e-05 0.000103014 
21 0.0812367 0.859378 0.0192621 0.0131211 0.00497276 0.012297 0.00235662 0.0012164 0.00524808 0.000911302 
22 0.545397 0.413322 0.0261206 0.00683765 0.00316708 0.00218637 0.00126995 0.000802748 0.000452742 0.000444038 
23 0.120168 0.875155 0.00313992 0.00103797 0.000195277 0.000116978 6.78661e-05 5.21363e-05 3.47732e-05 3.21099e-05 
24 0.964635 0.0331022 0.00190273 8.32289e-05 0.000202274 3.38859e-05 1.47703e-05 1.13469e-05 7.56802e-06 6.98838e-06 
25 0.188962 0.681658 0.0432301 0.0633175 0.00188139 0.00115494 0.000972793 0.00474235 0.000349153 0.0137317 
26 0.264128 0.717855 0.0100726 0.00616072 0.000741941 0.000401201 0.000232761 0.000178812 0.000119262 0.000110128 
27 0.302533 0.68997 0.00692902 0.000107333 6.21551e-05 4.3087e-05 0.000322036 1.58161e-05 8.88521e-06 8.71439e-06 
28 0.301402 0.697717 0.000362335 0.000308775 8.19052e-05 4.9124e-05 2.84998e-05 2.18942e-05 1.46027e-05 1.34843e-05 
29 0.121487 0.747071 0.0672731 0.0167036 0.0285996 0.00810484 0.00451741 0.00248655 0.00184159 0.0019154 
30 0.803773 0.131826 0.0310998 0.0248074 0.00321058 0.00454186 0.000539507 9.54619e-05 5.38396e-05 5.28045e-05 
31 0.429304 0.549946 0.00592303 0.0058096 0.00435176 0.00435787 0.000131791 8.3304e-05 4.69826e-05 4.60794e-05 
32 0.45542 0.539931 0.00336851 0.000455566 0.000322406 0.000193666 0.000112357 8.63153e-05 5.75694e-05 5.31602e-05 
33 0.885177 0.101419 0.00616709 0.00140571 0.0036687 0.000608493 0.0002051 0.000121327 9.83677e-05 0.0011294 
34 0.121988 0.856623 0.00928477 0.00415629 0.00184983 0.00232193 0.00339737 0.000159668 0.000106277 0.000112848 
35 0.361821 0.63445 0.000779326 0.00140067 0.000128252 0.00130149 5.09283e-05 3.21879e-05 1.81537e-05 1.78047e-05 
36 0.0726438 0.914964 0.00606644 0.00179971 0.00170163 0.000435053 0.000291329 0.000172336 0.000339078 0.00158663 
37 0.596703 0.397936 0.00317446 0.000759563 0.00120628 8.60013e-05 4.90502e-05 3.76816e-05 2.51323e-05 2.32075e-05 
38 0.135628 0.857619 0.00376507 0.000568214 0.00136833 0.000209318 0.000690004 6.42357e-05 4.27113e-05 4.5352e-05 
39 0.245553 0.739569 0.00526555 0.000405211 0.00887704 0.000140634 8.11394e-05 5.12888e-05 2.89264e-05 2.83703e-05 
40 0.155949 0.738419 0.0391433 0.0315728 0.0151065 0.00830258 0.0048305 0.00265888 0.00196923 0.00204815 
41 0.237225 0.752504 0.00906894 0.000749178 0.000173956 0.000106779 7.15036e-05 4.22981e-05 2.81554e-05 2.98962e-05 
42 0.146192 0.826798 0.0229814 0.00150848 0.000968938 0.000594807 0.000398307 0.000235619 0.000156838 0.000166535 
43 0.443994 0.512167 0.0127728 0.00942063 0.0014176 0.0191008 0.000411392 0.000313545 0.000209124 0.000193107 
44 0.0968376 0.851492 0.0235252 0.00792954 0.00500134 0.00341377 0.00892574 0.00133563 0.000682816 0.000856302 
45 0.0579592 0.931896 0.00790482 0.000877471 0.000523783 0.000321537 0.000215314 0.00012737 8.47827e-05 9.00244e-05 
46 0.933992 0.0618064 0.00213092 0.000581183 0.000861084 0.000598844 1.32227e-05 7.38081e-06 3.13122e-06 6.39947e-06 
47 0.839731 0.112841 0.0432997 0.00176055 0.000160477 0.00204569 7.7339e-05 3.66285e-05 1.55392e-05 3.17585e-05 
48 0.155933 0.68927 0.0526907 0.0419517 0.0240178 0.0112515 0.00615503 0.00390838 0.00971472 0.0051064 
49 0.188201 0.75758 0.0186377 0.019403 0.00613006 0.00391558 0.00270949 0.00133694 0.000808898 0.00127749 
50 0.173205 0.702258 0.0365529 0.0370832 0.0148255 0.00967912 0.0179334 0.00330479 0.00199952 0.00315783 
51 0.434508 0.558182 0.00558981 0.00145035 0.000102686 7.08747e-05 4.11675e-05 2.60223e-05 1.46763e-05 1.43942e-05 
52 0.259792 0.647818 0.0369935 0.0202692 0.0126467 0.00942203 0.0054818 0.00301738 0.00223474 0.00232431 
53 0.137905 0.803283 0.0313389 0.00635359 0.00677843 0.0104048 0.00167637 0.00104993 0.000536759 0.000673136 
54 0.0923625 0.880996 0.00832688 0.00955186 0.00326756 0.00222414 0.00139323 0.000872611 0.000446106 0.000559451 
55 0.299875 0.700017 5.28926e-05 2.14104e-05 1.26661e-05 8.74393e-06 5.07891e-06 3.21042e-06 1.81064e-06 1.77583e-06 
56 0.0894418 0.755216 0.0458263 0.0476049 0.0217176 0.0172943 0.00946927 0.0055813 0.0030098 0.00483891 
57 0.448833 0.549641 0.000590003 0.000659554 0.000106297 7.22588e-05 4.19715e-05 2.65305e-05 1.49629e-05 1.46753e-05 
58 0.695639 0.282981 0.0101081 0.00447536 0.00212641 0.00389902 0.000455099 0.00013319 8.86566e-05 9.41378e-05 
59 0.044808 0.948603 0.00243912 0.00154171 0.000972483 0.000661946 0.000414652 0.000259705 0.00013277 0.000166503 
60 0.0922419 0.848441 0.0206795 0.0236249 0.00410637 0.00699991 0.00184501 0.000957743 0.000489629 0.000614031 
61 0.0437789 0.85507 0.0839975 0.00984862 0.00150458 0.00241276 0.000852668 0.00180805 0.000495826 0.00023139 
62 0.32591 0.629273 0.0146135 0.00792098 0.0182463 0.00250604 0.00065482 0.000413917 0.000233445 0.000228957 
63 0.851256 0.144678 0.00310988 0.000676833 0.000111119 7.15068e-05 4.15347e-05 2.62544e-05 1.48072e-05 1.45225e-05 
64 0.131351 0.868154 0.000255972 9.35738e-05 5.53569e-05 3.82152e-05 2.21973e-05 1.40311e-05 7.91339e-06 7.76126e-06 
65 0.232662 0.716563 0.0441852 0.00567739 0.000349506 0.000238908 0.00013877 8.77175e-05 4.94718e-05 4.85207e-05 
66 0.728826 0.255055 0.00683653 0.000421744 0.000297051 0.00297762 0.00537185 0.000144714 3.50716e-05 3.43973e-05 
67 0.0926031 0.89963 0.00634416 0.000949203 0.000218852 0.000107767 6.25967e-05 3.95678e-05 2.23159e-05 2.18868e-05 
68 0.83215 0.144345 0.0221694 0.000813157 0.000461132 2.89083e-05 1.38839e-05 8.7761e-06 4.94963e-06 4.85448e-06 
69 0.106 0.884256 0.00770171 0.000463383 0.00108706 0.000198903 0.000124593 7.80354e-05 3.98942e-05 5.00303e-05 
70 0.662091 0.32558 0.00323049 0.00650197 0.000963863 0.000356439 0.0010118 0.000192169 3.63958e-05 3.56961e-05 
71 0.0916504 0.894615 0.0119316 0.000701803 0.000410495 0.000279414 0.000175029 0.000109624 5.60435e-05 7.02827e-05 
72 0.103544 0.886377 0.00918705 0.00073497 5.96288e-05 4.11582e-05 2.39067e-05 1.51116e-05 8.52279e-06 8.35895e-06 
73 0.0820687 0.873462 0.0226747 0.00858739 0.00326773 0.0066684 0.00139323 0.000872611 0.000446106 0.000559451 
74 0.879894 0.102144 0.0103767 0.00111598 0.000829855 0.00539567 0.00019053 2.33341e-05 9.89921e-06 2.02316e-05 
75 0.143797 0.744572 0.0391267 0.0265288 0.0165523 0.0123318 0.00717471 0.00394922 0.00292488 0.00304211 
76 0.967896 0.0271365 0.000494892 0.00126895 0.00123276 0.000671235 0.00095387 0.000297583 4.10573e-05 6.94375e-06 
77 0.466799 0.532914 0.000194523 5.17375e-05 1.57161e-05 1.13597e-05 5.84869e-06 3.81033e-06 1.61649e-06 3.30372e-06 
78 0.872998 0.105538 0.00691382 0.00758859 0.00209542 0.00214353 0.00250749 0.00010236 5.73531e-05 5.62505e-05 
79 0.577939 0.343003 0.0729462 0.00537223 0.000105481 0.00033495 0.000245995 2.50626e-05 1.41348e-05 1.38631e-05 
80 0.295394 0.695932 0.00783875 0.000661726 6.80378e-05 4.08681e-05 2.371e-05 1.82146e-05 1.21485e-05 1.12181e-05 
81 0.246295 0.749341 0.00300879 0.000482097 0.000341192 0.00020495 0.000118904 9.13445e-05 6.09237e-05 5.62576e-05 
82 0.593225 0.355574 0.0199255 0.00444016 0.00220029 0.00154553 0.0217651 0.000700896 0.000314536 0.00030849 
83 0.604494 0.346695 0.0188853 0.0036437 0.00292257 0.00943851 0.00578313 0.00729347 0.000541763 0.000302129 
84 0.191494 0.792161 0.0100066 0.00150772 0.000968938 0.000594807 0.000399399 0.00220895 0.000491881 0.000166535 
85 0.529651 0.450889 0.0189057 0.00044923 4.02982e-05 2.76121e-05 1.60385e-05 1.0138e-05 5.71775e-06 5.60783e-06 
86 0.167869 0.786281 0.0312838 0.00853761 0.00183796 0.00290028 0.000679025 0.000257634 0.000171492 0.000182095 
87 0.317176 0.584329 0.046374 0.0331816 0.00857727 0.00170379 0.00715725 0.000641992 0.000416632 0.00044239 
88 0.538403 0.434912 0.0127978 0.00543592 0.00321581 0.00222001 0.00128949 0.000815098 0.000459707 0.000450869 
89 0.349325 0.641845 0.00780037 0.000402952 0.000238344 0.000164539 9.55724e-05 6.0412e-05 3.40718e-05 3.34168e-05 
90 0.813752 0.155129 0.0284933 0.00152724 0.000328133 0.000651703 4.34277e-05 3.2804e-05 2.18792e-05 2.02035e-05 
91 0.9169 0.0662356 0.00440967 0.00475638 0.00287744 0.00254854 0.000967283 0.00119581 5.65178e-05 5.32845e-05 
92 0.518258 0.467939 0.0123649 0.000992469 0.000185685 0.000100035 5.80363e-05 4.45848e-05 2.97366e-05 2.74591e-05 
93 0.746396 0.197408 0.0161858 0.0263027 0.00790938 0.00151117 0.000300419 0.000189897 0.000343538 0.00345275 
94 0.204375 0.760072 0.0142953 0.00859923 0.0065214 0.00257228 0.00149657 0.000823764 0.000610098 0.00063455 
95 0.145312 0.792889 0.0180437 0.0132544 0.0106416 0.00375158 0.00682307 0.0017877 0.00651621 0.000980707 
96 0.433838 0.523079 0.0238513 0.00278454 0.00402598 0.0110705 0.00062705 0.000341815 0.00019278 0.000189074 
97 0.603889 0.393004 0.00170828 0.00108538 0.000122651 7.3674e-05 4.27427e-05 3.2836e-05 2.19005e-05 2.02231e-05 
98 0.220723 0.766286 0.00966158 0.00283923 0.000186647 0.00012884 7.48366e-05 4.73048e-05 2.66794e-05 2.61665e-05 
99 0.114133 0.875529 0.00253762 0.0053306 0.00150977 0.000367931 0.000246381 0.000145747 9.70157e-05 0.000103014 
100 0.750823 0.203909 0.0215731 0.0205279 0.00121155 0.000829315 0.000481707 0.000304491 0.00017173 0.000168428 
101 0.161664 0.713682 0.038709 0.0261443 0.0175356 0.0243699 0.00812354 0.00389199 0.00288249 0.00299802 
102 0.271745 0.704897 0.00544958 0.00735638 0.00231638 0.00186063 0.00510393 0.000695099 0.000255404 0.000320296 
103 0.163356 0.76118 0.0279304 0.0176595 0.0111394 0.00758229 0.00474965 0.00297481 0.00152082 0.00190722 
104 0.682101 0.248489 0.043301 0.0116143 0.00450941 0.000260957 0.000307717 0.00930223 3.8745e-05 7.58924e-05 
105 0.965026 0.0328835 0.000825528 0.000320828 0.00083425 4.68244e-05 2.71781e-05 1.71795e-05 9.68904e-06 9.50277e-06 
106 0.0990154 0.870125 0.0054429 0.00725798 0.00201742 0.00988227 0.000763363 0.00052739 0.0046493 0.000319076 
107 0.840429 0.136175 0.00596487 0.0130443 0.00103625 0.000360752 0.000209897 0.00253411 0.000172688 7.32663e-05 
108 0.515679 0.40538 0.0108476 0.0344901 0.0186462 0.0023655 0.00842281 0.00291847 0.000606348 0.000643836 
109 0.78748 0.184349 0.0109952 0.00532213 0.00413491 0.00165146 0.00512147 5.058e-05 0.000870532 2.47738e-05 
110 0.124573 0.760873 0.0479216 0.0202692 0.0126467 0.00942203 0.00638288 0.00895516 0.00663183 0.00232431 
111 0.391977 0.588726 0.00667685 0.0029267 0.00496649 0.00373917 0.000411608 0.000242912 0.000161693 0.00017169 
112 0.353364 0.596776 0.0287617 0.00414657 0.00703618 0.00724211 0.00122693 0.000672388 0.000343746 0.000431084 
113 0.347048 0.65174 0.000929378 0.000100545 7.11499e-05 4.27389e-05 2.47954e-05 1.90484e-05 1.27046e-05 1.17316e-05 
114 0.652822 0.345129 0.00170286 0.000188691 6.16854e-05 3.70537e-05 2.1497e-05 1.65145e-05 1.10146e-05 1.0171e-05 
115 0.787375 0.174413 0.0217872 0.00451699 0.00610564 0.00504258 0.000334868 0.000200687 0.000113185 0.00011101 
116 0.42917 0.515568 0.0131581 0.0396452 0.002112 0.000151866 7.81902e-05 5.09397e-05 2.16106e-05 4.41669e-05 
117 0.607497 0.17323 0.0268978 0.188638 0.00313301 0.00026468 0.000136274 8.87806e-05 3.76641e-05 7.69766e-05 
118 0.132316 0.832702 0.017659 0.0159251 0.000532343 0.000367177 0.000213275 0.000134813 7.60329e-05 7.45712e-05 
119 0.0621593 0.927693 0.00864712 0.0012156 0.000108877 7.47284e-05 4.3406e-05 2.74372e-05 1.54743e-05 1.51768e-05 
120 0.597064 0.3443 0.00799739 0.00529594 0.0403487 0.00193556 0.00111077 0.000853319 0.000569135 0.000525545 
121 0.124823 0.758359 0.0409683 0.0277532 0.0173163 0.0129009 0.00750585 0.00413149 0.00305988 0.00318251 
122 0.970733 0.0266499 0.000786942 0.00138887 0.000261449 0.000120612 2.48978e-05 1.44734e-05 9.63412e-06 1.02297e-05 
123 0.850686 0.109256 0.0285923 0.0104926 6.87908e-05 4.4609e-05 2.29676e-05 1.4963e-05 7.96181e-05 0.00074227 
124 0.838853 0.142111 0.0086122 0.000848408 0.000519175 0.000311862 0.00018093 0.000138995 0.0004184 0.00800601 
125 0.103952 0.880933 0.0106573 0.000833368 0.00282564 0.00030661 0.000204587 0.000121024 8.05587e-05 8.55393e-05 
126 0.883239 0.11174 0.00201043 0.00177972 0.000512733 0.000409447 0.000204583 4.40704e-05 2.93352e-05 3.11488e-05 
127 0.081257 0.893352 0.0150339 0.00235122 0.00346646 0.00305519 0.000632556 0.000395841 0.000202367 0.000253783 
128 0.753609 0.23554 0.00890371 0.000553849 0.000319116 0.000996335 3.41916e-05 2.08015e-05 1.17318e-05 1.15063e-05 
129 0.748034 0.217248 0.00509753 0.00316223 0.0071575 0.00665485 0.000883484 0.000522174 0.000272641 0.0109672 
130 0.54202 0.413021 0.0426799 0.00212719 5.97479e-05 3.90318e-05 2.26716e-05 1.43309e-05 8.08248e-06 7.9271e-06 
131 0.82945 0.140094 0.00556214 0.0174735 0.00196427 0.00155214 0.00357713 0.000140279 9.04274e-05 9.60181e-05 
132 0.236022 0.748496 0.00775552 0.00375445 0.00118325 0.0021469 0.000363541 0.000117268 7.80586e-05 8.28846e-05 
133 0.102703 0.890235 0.0059441 0.000375664 6.49023e-05 0.000620768 2.43725e-05 1.5406e-05 8.68884e-06 8.5218e-06 
134 0.0546234 0.935969 0.00333895 0.00297783 0.00111621 0.000680231 0.00052418 0.00031952 0.000182234 0.000268465 
135 0.693354 0.293097 0.00628223 0.00107794 0.00169865 0.00138155 0.00172763 0.00131629 3.38487e-05 3.04009e-05 
136 0.298559 0.642394 0.0225861 0.0196616 0.00645981 0.00396233 0.00265334 0.00156959 0.00104478 0.00110938 
137 0.294035 0.632661 0.016572 0.00988918 0.0213979 0.00401276 0.00261313 0.00179871 0.0143685 0.00265166 
138 0.644196 0.318432 0.0330094 0.00226549 0.000994853 0.000118797 6.89852e-05 4.81602e-05 0.000637092 0.000230112 
139 0.918965 0.065061 0.0083571 0.00251776 0.00328082 0.000196203 0.000113727 7.18879e-05 4.20224e-05 0.00139503 
140 0.289647 0.623218 0.0163246 0.00974157 0.00626194 0.00384407 0.0473502 0.00152273 0.0010136 0.00107626 
141 0.914579 0.0686523 0.00527996 0.00128438 0.00205001 0.000498869 0.00309333 0.0041978 0.000289354 7.52709e-05 
142 0.338492 0.62208 0.0152017 0.00906507 0.00582709 0.0035771 0.00239537 0.00141699 0.000943208 0.00100152 
143 0.111598 0.872123 0.0107971 0.00327354 0.000853653 0.000519257 0.000347715 0.000205692 0.000136917 0.000145382 
144 0.747458 0.235742 0.0115526 0.00205428 0.00121528 0.000838958 0.000487308 0.000308031 0.000173726 0.000170387 
145 0.533397 0.445489 0.00828763 0.00479915 0.00308493 0.00189376 0.00126814 0.00075017 0.000499345 0.000530217 
146 0.305584 0.597611 0.0285081 0.0299043 0.0145048 0.00494594 0.0130238 0.00391757 0.000970157 0.00103014 
147 0.359771 0.58202 0.0136331 0.00777006 0.00499465 0.00347687 0.0140379 0.0126286 0.000808464 0.000858447 
148 0.963923 0.0220746 0.00329138 0.00765539 0.00116846 0.00171144 0.000155965 8.63544e-06 3.66349e-06 7.4873e-06 
149 0.933203 0.046397 0.00488955 0.0107857 0.0025925 0.00192379 0.000138424 3.3134e-05 1.86873e-05 1.8328e-05 
150 0.298559 0.642394 0.0168269 0.016107 0.0156583 0.00407764 0.00265334 0.00156959 0.00104478 0.00110938 
151 0.150795 0.777916 0.0188685 0.0137512 0.0253294 0.0058292 0.00319875 0.00200344 0.00102422 0.00128445 
152 0.179695 0.732355 0.0271091 0.0213575 0.0190514 0.00960815 0.00460996 0.00288731 0.00147609 0.00185112 
153 0.304548 0.65309 0.0163279 0.00974157 0.00626194 0.00384405 0.00257413 0.00152273 0.0010136 0.00107626 
154 0.425753 0.520491 0.0121528 0.00725206 0.00466167 0.00286168 0.0019163 0.00113359 0.000781098 0.0229969 
155 0.36245 0.628685 0.0030728 0.000797122 0.00417504 0.000314517 0.000210582 0.00012457 8.29194e-05 8.80459e-05 
156 0.332845 0.613619 0.0154209 0.00906507 0.00582709 0.0035771 0.0027028 0.0141011 0.00184058 0.00100152 
157 0.165869 0.742121 0.02836 0.0179312 0.0113434 0.0203932 0.00748034 0.00302057 0.00154421 0.00193656 
158 0.333558 0.611461 0.0248427 0.0143183 0.00608044 0.00373263 0.00249952 0.0014786 0.000984217 0.00104507 
159 0.160648 0.797899 0.0185761 0.00516998 0.00921084 0.00582384 0.001141 0.000711367 0.000363674 0.000456074 
160 0.0772356 0.913695 0.00699583 0.00128675 0.000298089 0.000197955 0.000124002 7.76651e-05 3.97048e-05 4.97929e-05 
161 0.185868 0.727301 0.026871 0.0168917 0.010655 0.00725263 0.0125171 0.00936327 0.00145571 0.0018243 
162 0.304114 0.653303 0.0165482 0.00974157 0.00626194 0.00384405 0.00257413 0.00152273 0.0010136 0.00107626 
163 0.150423 0.819015 0.0135329 0.00829781 0.00235987 0.00147672 0.00368999 0.000560479 0.000285965 0.000358622 
164 0.540861 0.420991 0.0236478 0.00515628 0.00364927 0.00219207 0.00127175 0.000976989 0.000651619 0.000601711 
165 0.186993 0.7405 0.0270397 0.0168917 0.010655 0.00725263 0.00454315 0.00284547 0.00145469 0.0018243 
166 0.803859 0.13648 0.0292656 0.00335567 0.0128003 0.0134652 0.000283731 0.000214689 0.00014319 0.000132223 
167 0.178297 0.810824 0.00972306 0.000452442 0.000267641 0.000184764 0.00010732 6.78379e-05 3.82599e-05 3.75243e-05 
168 0.188796 0.700158 0.0288261 0.0341116 0.0311699 0.006856 0.00429421 0.00268955 0.00137498 0.00172433 
169 0.120087 0.731043 0.0441518 0.0360804 0.0217284 0.0244477 0.0110509 0.00445646 0.00269633 0.00425829 
170 0.314798 0.614055 0.0197605 0.030301 0.011203 0.00378752 0.00253628 0.00150034 0.000998691 0.00106044 
171 0.544817 0.415593 0.0124097 0.00504764 0.00929998 0.00997725 0.00125341 0.000756877 0.000426871 0.000418664 
172 0.229197 0.701779 0.0231275 0.0181744 0.0136896 0.0113498 0.00120515 0.000686494 0.000350958 0.000440127 
173 0.76908 0.217573 0.012309 0.000755862 0.000107197 7.40004e-05 4.29831e-05 2.71699e-05 1.53236e-05 1.5029e-05 
174 0.163989 0.745395 0.0288055 0.0318627 0.0112125 0.00758229 0.00474965 0.00297481 0.00152082 0.00190722 
175 0.122955 0.746926 0.0410086 0.0403879 0.0184083 0.0127055 0.00739213 0.0040689 0.00301352 0.00313429 
176 0.11692 0.73421 0.0450145 0.0502287 0.0201325 0.0130519 0.00903164 0.00445646 0.00269633 0.00425829 
177 0.816621 0.152712 0.0161525 0.00568722 0.00297966 0.00212027 0.00249255 0.000102271 6.74673e-05 0.00106463 
178 0.359586 0.559357 0.0186094 0.00727472 0.0395191 0.0118153 0.00159692 0.000944659 0.000628805 0.000667681 
179 0.771206 0.181805 0.00717231 0.0236655 0.0119101 0.000468174 0.000264407 0.000235622 0.00318032 9.24769e-05 
180 0.142853 0.824504 0.0104602 0.00489487 0.0057426 0.00408977 0.000854974 0.00598386 0.000273502 0.000342987 
181 0.308899 0.648064 0.0166085 0.00988917 0.00635682 0.00390229 0.00261313 0.00154581 0.00102895 0.00109257 
182 0.3046 0.638116 0.0163247 0.0097416 0.0195558 0.00547556 0.00257413 0.00152273 0.0010136 0.00107626 
183 0.646043 0.280994 0.0369766 0.0116418 0.00122653 0.011409 0.00414625 0.00572123 0.00159618 0.000245744 
184 0.0734971 0.905085 0.0086143 0.00560731 0.00140691 0.00268377 0.000562772 0.00213787 0.000180077 0.000225181 
185 0.894331 0.0935935 0.00181786 0.000864484 0.000657641 0.00352038 0.00484675 0.000182644 8.99483e-05 9.55094e-05 
186 0.309187 0.632661 0.016572 0.00988917 0.00635682 0.00390229 0.00261313 0.00155396 0.0138785 0.00338638 
187 0.30943 0.605961 0.0161446 0.0510463 0.00767844 0.00373263 0.00249952 0.0014786 0.000984217 0.00104507 
188 0.817407 0.116813 0.0509544 0.00605966 0.00669673 0.00173966 0.000141219 8.88949e-05 5.01358e-05 4.9172e-05 
189 0.265396 0.691063 0.0237196 0.00741688 0.00476762 0.00292672 0.00195985 0.00115935 0.000771716 0.000819427 
190 0.876205 0.0992349 0.00818964 0.00524652 0.00713638 0.0037638 9.56417e-05 6.0412e-05 3.40718e-05 3.34168e-05 
191 0.20493 0.739968 0.0190906 0.0252765 0.00439435 0.00242973 0.00162705 0.000962483 0.00064067 0.000680279 
192 0.744765 0.241743 0.00678042 0.00161028 0.00103753 0.00303444 0.000439179 0.000248837 0.000165637 0.000175877 
193 0.147371 0.752632 0.0402899 0.0135984 0.0245848 0.00986991 0.00211064 0.0080198 0.000678297 0.000844808 
194 0.34146 0.656897 0.00105333 0.000209778 0.000148379 8.91296e-05 5.17094e-05 3.97244e-05 2.64948e-05 2.44656e-05 
195 0.310165 0.618828 0.0384641 0.0164893 0.00616986 0.00378752 0.00253628 0.00150034 0.000998691 0.00106043 
196 0.301324 0.696477 0.00140831 0.000281261 0.000199051 0.000119567 6.93683e-05 5.32903e-05 3.55429e-05 3.28206e-05 
197 0.309185 0.632663 0.016572 0.00988917 0.0147254 0.0106702 0.00262816 0.00154581 0.00102895 0.00109257 
198 0.309185 0.632663 0.016572 0.0100033 0.0213857 0.00391078 0.00261313 0.00154581 0.00102895 0.00109257 
199 0.315344 0.677642 0.00281351 0.000696532 0.00301087 0.000209619 0.000121298 7.66735e-05 4.32431e-05 4.24117e-05 
200 0.307389 0.622493 0.0158528 0.0107785 0.0292963 0.00818293 0.00249952 0.0014786 0.000984217 0.00104507 
201 0.129377 0.86079 0.00836315 0.000133053 0.00120776 5.47786e-05 3.15576e-05 1.99478e-05 1.12504e-05 1.10341e-05 
202 0.103822 0.858425 0.013791 0.0120207 0.00418885 0.0033357 0.00182642 0.00107651 0.000580525 0.000933321 
203 0.0620809 0.910145 0.00950314 0.0060101 0.0028033 0.00198241 0.00120944 0.00325353 0.0025236 0.000489039 
204 0.0827054 0.887242 0.0215865 0.00513589 0.00127597 0.000831281 0.000520726 0.000326142 0.000166734 0.000209097 
205 0.126297 0.762025 0.0386439 0.0183354 0.0126983 0.0226956 0.0056499 0.00965444 0.00215391 0.00184699 
206 0.192502 0.787171 0.0106766 0.00168244 0.00621362 0.000685965 0.000444502 0.000262946 0.000175028 0.000185849 
207 0.3414 0.610062 0.023918 0.00301627 0.00180441 0.018139 0.000710335 0.000448995 0.000253228 0.00024836 
208 0.150528 0.814857 0.0264705 0.00415268 0.00105898 0.000315819 0.00237152 0.000115936 6.5385e-05 6.4128e-05 
209 0.88988 0.0884945 0.00889362 0.00710488 0.00381148 0.00134878 0.000169403 0.000130139 8.67986e-05 8.01507e-05 
210 0.550297 0.421432 0.0149974 0.0051961 0.00307393 0.00212207 0.0012326 0.000779138 0.000439426 0.000430978 
211 0.944931 0.0356963 0.00299196 0.0110211 0.005213 6.79359e-05 3.35133e-05 2.1184e-05 1.19476e-05 1.17179e-05 
212 0.116439 0.773456 0.034076 0.0231277 0.0144312 0.0235703 0.0062549 0.00344291 0.0025499 0.0026521 
213 0.327073 0.621058 0.0449342 0.00274148 0.00159563 0.00110153 0.000639824 0.000404438 0.000228099 0.000223714 
214 0.179503 0.773627 0.0216797 0.00719214 0.00620263 0.00363613 0.00685045 0.000608323 0.000310755 0.00038971 
215 0.809681 0.147975 0.00624655 0.00400064 0.0078753 0.00950743 0.00619371 0.001706 0.000123786 0.00669136 
216 0.127047 0.865084 0.00506269 0.00105102 0.000674518 0.00041407 0.000277278 0.000164024 0.000109182 0.000115932 
217 0.224577 0.720561 0.0167574 0.0213945 0.00872145 0.00341608 0.00194706 0.00121949 0.00062344 0.000781841 
218 0.235776 0.670266 0.0278906 0.0498349 0.0088288 0.00299682 0.00187711 0.00117567 0.000601041 0.000753751 
219 0.570165 0.429213 0.000263379 0.000127475 9.02183e-05 5.4193e-05 3.14406e-05 2.41534e-05 1.61095e-05 1.48757e-05 
220 0.157072 0.791356 0.0271212 0.0104128 0.00281581 0.00172853 0.00116047 0.00739315 0.000455781 0.000483957 
221 0.287413 0.657768 0.0161673 0.0232745 0.00591186 0.00362749 0.00242911 0.00143695 0.000956493 0.00101563 
222 0.101422 0.803507 0.0437404 0.0314509 0.00789846 0.00502132 0.00292144 0.00160807 0.00119097 0.0012387 
223 0.139443 0.765983 0.0357488 0.0231691 0.0143498 0.00591324 0.0114061 0.00185244 0.000946924 0.00118751 
224 0.0944059 0.867329 0.00773412 0.00786323 0.0142887 0.0051327 0.0013628 0.000750131 0.000555564 0.000577831 
225 0.241033 0.758501 0.000203979 9.8237e-05 6.31474e-05 3.87646e-05 2.59583e-05 1.53557e-05 1.02214e-05 1.08534e-05 
226 0.0796042 0.911698 0.00632114 0.000738306 0.00106934 0.000218271 0.000146035 8.63871e-05 5.75029e-05 6.10581e-05 
227 0.0842367 0.695773 0.07484 0.0544293 0.045857 0.0155332 0.0126084 0.0107274 0.00205566 0.00393915 
228 0.304045 0.646727 0.0230909 0.00984449 0.00626194 0.00384405 0.00257413 0.00152273 0.0010136 0.00107626 
229 0.189182 0.754524 0.0238822 0.0164103 0.00956022 0.0019518 0.0036964 0.000334502 0.000222659 0.000236425 
230 0.0758008 0.915393 0.00826485 0.000212395 0.000125391 8.6563e-05 5.02801e-05 3.17824e-05 1.7925e-05 1.75804e-05 
231 0.0752073 0.906173 0.00811201 0.00400647 0.00334513 0.00132292 0.000769527 0.000423576 0.00031371 0.000326283 
232 0.53941 0.424877 0.0127893 0.00445325 0.0143689 0.0017401 0.00100984 0.00063833 0.000360012 0.00035309 
233 0.544093 0.418952 0.0119338 0.0175285 0.00289417 0.00195001 0.00113266 0.000715964 0.000403797 0.000396034 
234 0.163356 0.746132 0.0396341 0.0210036 0.0111394 0.00758229 0.00474965 0.00297481 0.00152082 0.00190722 
235 0.0911774 0.903064 0.00246912 0.00198072 0.000503058 0.000308815 0.000206795 0.00012233 8.1428e-05 8.64623e-05 
236 0.536664 0.427564 0.0225817 0.00522916 0.00302939 0.00209132 0.00121474 0.000767846 0.000433057 0.000424732 
237 0.676443 0.286319 0.0193156 0.0123816 0.00233031 0.00136133 0.000790727 0.000499824 0.000281896 0.000276476 
238 0.290799 0.68401 0.00915584 0.00808588 0.00468439 0.000576351 0.00233816 0.000162128 9.79558e-05 9.04534e-05 
239 0.238835 0.738463 0.0213844 0.000516166 0.00030515 0.000210658 0.000122361 7.73451e-05 4.36218e-05 4.27832e-05 
240 0.107612 0.765952 0.0281848 0.031658 0.0247471 0.0286514 0.00748095 0.00227582 0.00168553 0.00175308 
241 0.913396 0.0599012 0.00358993 0.0104336 0.0109067 0.00157461 8.99174e-05 5.11897e-05 2.88705e-05 2.83155e-05 
242 0.125802 0.864193 0.00610492 0.00145985 0.000909898 0.000619346 0.000387967 0.000242992 0.000124225 0.000155788 
243 0.532361 0.380923 0.025113 0.0131081 0.00895843 0.0226761 0.000692407 0.00799895 0.000355101 0.00781441 
244 0.966018 0.0272325 0.00280065 0.000699113 0.000715117 0.000950699 0.00152852 2.62987e-05 1.48293e-05 1.45442e-05 
245 0.958225 0.0402958 0.000621041 0.000646823 9.76487e-05 4.82289e-05 2.80137e-05 1.77077e-05 9.98695e-06 9.79496e-06 
246 0.285021 0.69801 0.00828098 0.00161342 0.000954509 0.00522491 0.00038289 0.000241924 0.000136443 0.00013382 
247 0.121218 0.802437 0.0070267 0.0383859 0.00741503 0.0214019 0.000892544 0.000515268 0.000342985 0.00036419 
248 0.0640696 0.815944 0.0449168 0.0469931 0.0184956 0.00610934 0.00147867 0.00092612 0.000473462 0.000593757 
249 0.0737246 0.846052 0.0608898 0.0101204 0.0034355 0.00233846 0.00146485 0.000917464 0.000469037 0.000588207 
250 0.751726 0.193439 0.0335662 0.00635485 0.00980302 0.00439817 0.000304946 0.000192659 0.000108658 0.000106569 
251 0.606913 0.345489 0.0330017 0.00910334 0.00209028 0.00144301 0.00083817 0.000529814 0.00029881 0.000293065 
252 0.158875 0.823912 0.0139399 0.00128264 0.000757346 0.000522829 0.000303685 0.000191961 0.000108264 0.000106183 
253 0.107957 0.814608 0.0188223 0.0280302 0.00716222 0.012766 0.00251919 0.0066436 0.000733629 0.000758291 
254 0.262362 0.717543 0.0138862 0.00278323 0.00246443 0.000711909 0.000106502 6.73206e-05 3.79681e-05 3.72382e-05 
255 0.193112 0.79369 0.00818293 0.00388871 0.000432657 0.000265517 0.000177801 0.000105179 7.00114e-05 7.43398e-05 
256 0.158289 0.761478 0.0611687 0.00449013 0.00822392 0.00363365 0.00115674 0.000724492 0.000370383 0.000464489 
257 0.0733304 0.914562 0.00524947 0.00351214 0.00195388 0.00056358 0.000353014 0.000221101 0.000113034 0.000141753 
258 0.798163 0.179715 0.0157788 0.00140244 0.00170611 0.0010905 0.000315714 0.00118931 0.000575248 6.4051e-05 
259 0.0893115 0.652625 0.09526 0.0760502 0.0310208 0.0192918 0.015665 0.0133279 0.002554 0.0048941 
260 0.0519259 0.831073 0.0445143 0.0276279 0.0126039 0.0103224 0.0141386 0.00323915 0.00174676 0.0028083 
261 0.132918 0.737725 0.0512746 0.0237888 0.01481 0.0110337 0.0080449 0.0150605 0.00262249 0.00272189 
262 0.13055 0.732036 0.052636 0.025831 0.0160794 0.0119794 0.00696972 0.00478891 0.0126844 0.00644528 
263 0.316206 0.644465 0.0160711 0.00870247 0.005594 0.00343402 0.00229956 0.00136031 0.00090548 0.000961461 
264 0.0797268 0.894744 0.0217298 0.000906906 0.000580498 0.00173913 0.00023856 0.000141111 9.39294e-05 9.97366e-05 
265 0.889587 0.0821974 0.00926333 0.00466739 0.00659536 0.00526989 0.00201886 0.000330712 3.5615e-05 3.49303e-05 
266 0.531183 0.427385 0.0126039 0.00535356 0.00324696 0.0172341 0.00129387 0.000802748 0.000452742 0.000444038 
267 0.0513901 0.939373 0.00590819 0.00122728 0.000756423 0.000563549 0.000327876 0.000180475 0.000133664 0.000139021 
268 0.0561962 0.872002 0.0286522 0.0173818 0.00963114 0.00628779 0.00435101 0.00214691 0.00129896 0.00205144 
269 0.260066 0.70757 0.0101901 0.0020076 0.00118773 0.00650163 0.00051156 0.011629 0.000170124 0.000166514 
270 0.0295883 0.931494 0.0201024 0.00761108 0.00467045 0.00376747 0.00114409 0.00067432 0.000363637 0.000584627 
271 0.89668 0.088012 0.0145117 0.000746373 3.0406e-05 8.54329e-06 4.39864e-06 2.86564e-06 1.21572e-06 2.48463e-06 
272 0.221086 0.717765 0.00736502 0.0165739 0.0200114 0.014037 0.00165836 0.000633684 0.000421807 0.000447886 
273 0.673523 0.301995 0.0201205 0.00222178 0.00068547 0.000458689 0.000265342 0.000720854 5.05032e-06 5.25352e-06 
274 0.298559 0.64267 0.0319351 0.0100414 0.00645462 0.00396233 0.00265334 0.00156959 0.00104478 0.00110938 
275 0.57112 0.322668 0.0492963 0.0509801 0.00113294 0.00349687 0.000775377 0.000232456 0.00015504 0.000143166 
276 0.132526 0.826747 0.0241728 0.00658253 0.00558169 0.00192023 0.00105194 0.00065885 0.000336825 0.000422404 
277 0.201954 0.653493 0.0629291 0.025126 0.00851827 0.0168696 0.00358039 0.00223111 0.0026221 0.0226762 
278 0.413201 0.556228 0.0133008 0.00646223 0.00415396 0.00255001 0.00170759 0.00101013 0.000672386 0.000713956 
279 0.209277 0.640556 0.0980274 0.0201712 0.0150501 0.00166061 0.00732243 0.00704876 0.000429884 0.00045639 
280 0.220637 0.729923 0.0334925 0.00717336 0.00432627 0.00173358 0.00119937 0.000591803 0.000358064 0.000565487 
281 0.712209 0.213678 0.00988704 0.0386502 0.00651685 0.00331506 0.0008584 0.0145211 0.000219999 0.000144367 
282 0.0704741 0.818164 0.080838 0.0113644 0.00447608 0.010334 0.00183363 0.00100204 0.000742135 0.000771879 
283 0.14433 0.839467 0.0058884 0.00455286 0.00386562 0.000754463 0.000475115 0.000281055 0.000187083 0.000198649 
284 0.502321 0.473715 0.00682774 0.0138859 0.00123694 0.000853851 0.000495959 0.000313499 0.00017681 0.000173411 
285 0.159534 0.751768 0.0304678 0.0158516 0.0205442 0.00173844 0.00804901 0.00272623 0.00740345 0.00191648 
286 0.669273 0.272684 0.0540984 0.00167189 0.000110241 0.000983012 0.00115142 1.54769e-05 4.17606e-06 8.53488e-06 
287 0.29204 0.666389 0.0162909 0.0094592 0.00608044 0.00373263 0.00249952 0.0014786 0.000984217 0.00104507 
288 0.157775 0.771072 0.0263355 0.0166504 0.0105028 0.00714902 0.00447824 0.00280482 0.00143391 0.00179823 
289 0.550447 0.407984 0.0136106 0.0181369 0.00386898 0.00229171 0.00132956 0.0010214 0.000681238 0.000629062 
290 0.194233 0.738009 0.0253632 0.0157504 0.0099351 0.00676259 0.00423618 0.00265321 0.0013564 0.00170103 
291 0.273597 0.681329 0.0205054 0.00919275 0.00590916 0.00362748 0.00242911 0.00143695 0.000956493 0.00101563 
292 0.283992 0.671123 0.0327399 0.00125129 0.000644471 0.000409038 0.00464157 0.000535671 0.00455122 0.00011144 
293 0.166947 0.756423 0.0283648 0.0179312 0.0113107 0.00769894 0.00482272 0.00302057 0.00154421 0.00193656 
294 0.583167 0.348967 0.00983997 0.0238231 0.00284655 0.00301264 0.0197439 0.000948453 0.000470825 0.0071803 
295 0.47316 0.449347 0.0151895 0.0546281 0.00307719 0.00195001 0.00113266 0.000715964 0.000403797 0.000396034 
296 0.163438 0.745949 0.0426312 0.0181079 0.0111394 0.00758229 0.00474965 0.00297481 0.00152082 0.00190722 
297 0.306353 0.632989 0.0222774 0.0122358 0.00552406 0.0154387 0.00215686 0.00127529 0.000848887 0.00090137 
298 0.165871 0.75743 0.0284338 0.0179312 0.0113107 0.00769894 0.00482272 0.00302057 0.00154421 0.00193656 
299 0.113773 0.760391 0.0344291 0.0351722 0.0220795 0.00916412 0.00638069 0.013728 0.00189317 0.00298986 
300 0.134871 0.822544 0.0167925 0.00468589 0.00552068 0.00217808 0.00126722 0.000789573 0.0108141 0.000537388 
301 0.291851 0.67667 0.00712727 0.0165206 0.00113019 0.000721504 0.000419107 0.00526444 0.000149847 0.000146533 
302 0.165904 0.757215 0.0286164 0.0179312 0.0113107 0.00769894 0.00482272 0.00302057 0.00154421 0.00193656 
303 0.154903 0.734996 0.0340719 0.0231277 0.0144316 0.0234062 0.00641853 0.00344291 0.0025499 0.0026521 
304 0.285387 0.672876 0.0160855 0.00959831 0.00616986 0.00378752 0.00253628 0.00150034 0.000998691 0.00106043 
305 0.158552 0.753498 0.0271089 0.0171401 0.0109161 0.0219532 0.00461752 0.00288731 0.00147609 0.00185112 
306 0.285387 0.672876 0.0160849 0.00959831 0.00616986 0.00378752 0.00253628 0.00150034 0.000998691 0.00106043 
307 0.0817682 0.907423 0.00906263 0.000298788 0.00124004 9.63118e-05 4.75962e-05 3.00859e-05 1.69682e-05 1.6642e-05 
308 0.261492 0.704572 0.0217892 0.0046608 0.00438608 0.00185283 0.00053218 0.000284478 0.000210691 0.000219135 
309 0.285548 0.643237 0.0169332 0.0376507 0.00674723 0.00378752 0.00253628 0.00150034 0.000998691 0.00106043 
310 0.992239 0.00749758 0.000166164 5.6646e-05 1.54949e-05 1.06968e-05 6.21323e-06 3.92743e-06 2.21503e-06 2.17245e-06 
311 0.891755 0.105821 0.000618673 0.000220021 0.000751597 9.00543e-05 0.000673688 3.29613e-05 1.85827e-05 1.82254e-05 
312 0.127494 0.828882 0.0186863 0.0056583 0.00356892 0.00242928 0.00153278 0.0106506 0.000487425 0.00061105 
313 0.991867 0.00699351 8.01252e-05 4.95603e-05 0.000168388 0.00040455 0.000264475 0.000166038 3.92402e-06 2.08259e-06 
314 0.154531 0.817222 0.0156837 0.00392107 0.00196229 0.0049678 0.000712749 0.000421583 0.000280624 0.000297973 
315 0.652838 0.242484 0.0666283 0.0318644 0.00320878 0.00114585 0.000664779 0.000510699 0.000340619 0.000314531 
316 0.165869 0.753273 0.0325922 0.0179312 0.0113107 0.00769894 0.00482272 0.00302057 0.00154421 0.00193656 
317 0.0817851 0.890657 0.00949955 0.00109735 0.000709152 0.0155548 0.000289973 0.000171467 0.000114136 0.000121193 
318 0.146616 0.764821 0.0532556 0.00673448 0.00422547 0.0145855 0.00733334 0.00112838 0.000576861 0.000723428 
319 0.316217 0.580306 0.0176827 0.0441075 0.0220393 0.0137117 0.00275104 0.00134241 0.000893566 0.00094881 
320 0.111504 0.869856 0.0135694 0.00189737 0.00121962 0.000748696 0.000501357 0.000296579 0.000197416 0.000209621 
321 0.173456 0.733765 0.0455187 0.0303172 0.00930858 0.00122099 0.00490664 0.000868087 0.000310096 0.000329267 
322 0.110616 0.881472 0.00646011 0.000353979 0.000220236 0.0003405 0.000410164 5.35562e-05 3.56488e-05 3.78528e-05 
323 0.106251 0.853601 0.0356356 0.00377895 0.000150192 8.98959e-05 0.000231646 0.000213202 2.3704e-05 2.51692e-05 
324 0.256264 0.699744 0.029377 0.00949317 0.00191004 0.00129982 0.000814226 0.000509967 0.000260711 0.000326952 
325 0.392664 0.593158 0.00809094 0.00225438 0.00133568 0.00115592 0.000243294 0.000152662 0.000828992 0.000116022 
326 0.204181 0.656893 0.0510524 0.0498501 0.0142541 0.00926266 0.00640955 0.00316265 0.00191352 0.00302201 
327 0.0935226 0.892468 0.00633004 0.00174246 0.00263975 0.0021965 0.000468578 0.000293479 0.000150036 0.000188156 
328 0.14571 0.810016 0.0114745 0.00876402 0.010989 0.00603907 0.00530361 0.000791734 0.000404733 0.000507566 
329 0.11348 0.8488 0.0194307 0.0078578 0.00388993 0.00264778 0.00165861 0.00103882 0.000531079 0.000666013 
330 0.0953134 0.785017 0.0405549 0.032359 0.0146497 0.00861449 0.0159166 0.00298527 0.00177958 0.00281047 
331 0.222275 0.714113 0.0158827 0.0340982 0.00311514 0.00162206 0.00737176 0.000641655 0.000427113 0.000453519 
332 0.170924 0.758642 0.0328444 0.0195033 0.00671662 0.00391673 0.0030182 0.00183978 0.00104929 0.0015458 
333 0.567669 0.407889 0.00950993 0.00531019 0.0037582 0.0022575 0.00130971 0.00100615 0.00067107 0.000619673 
334 0.168237 0.755822 0.0284074 0.0176595 0.0111394 0.00758229 0.00474965 0.00297481 0.00152082 0.00190722 
335 0.348784 0.591507 0.0276747 0.0182495 0.0055891 0.00314087 0.00210325 0.00124418 0.000828183 0.000879385 
336 0.294035 0.632661 0.016572 0.00988917 0.00642093 0.0341412 0.00261314 0.00154581 0.00102895 0.00109257 
337 0.310664 0.633708 0.0158554 0.0096656 0.0203112 0.00378822 0.00249952 0.0014786 0.000984217 0.00104507 
338 0.377383 0.561682 0.0144301 0.0181872 0.00741696 0.00553682 0.0110075 0.00260624 0.000848887 0.00090137 
339 0.119275 0.86424 0.0132786 0.000806707 0.00161415 0.000300878 0.00020148 0.000119186 7.93353e-05 8.42402e-05 
340 0.300322 0.679279 0.0138173 0.00246342 0.00158321 0.000971892 0.000650819 0.000384993 0.000256268 0.000272112 
341 0.154022 0.731975 0.0406148 0.0196163 0.0226229 0.0206343 0.00447845 0.00280482 0.00143391 0.00179823 
342 0.271118 0.672058 0.0293075 0.00806175 0.00479434 0.0122613 0.0010008 0.000589729 0.000392549 0.000416818 
343 0.0811281 0.554536 0.0737461 0.143979 0.0260625 0.043188 0.0121926 0.0133338 0.0280129 0.0238203 
344 0.414717 0.5047 0.0223454 0.0151593 0.00945847 0.00704673 0.00409984 0.00736603 0.0126226 0.00248453 
345 0.183147 0.787327 0.0222616 0.00665988 0.000231177 0.000158398 9.20055e-05 5.81574e-05 3.28002e-05 3.21696e-05 
346 0.199851 0.725356 0.0161475 0.00633159 0.0200207 0.0196358 0.0018684 0.00820498 0.00195759 0.00062704 
347 0.163595 0.740241 0.0368044 0.0429413 0.00406187 0.00276481 0.00173192 0.00108474 0.000556684 0.00621818 
348 0.154027 0.746217 0.0263671 0.0166504 0.0105028 0.00714902 0.00447824 0.00280482 0.00290085 0.0289027 
349 0.30965 0.607845 0.0115132 0.00687037 0.00484177 0.054842 0.00189059 0.00107393 0.000714852 0.000759048 
350 0.605292 0.331273 0.0232285 0.00292312 0.01812 0.00935843 0.000688586 0.000434274 0.000256616 0.00842525 
351 0.101999 0.751981 0.0712206 0.0314864 0.0123082 0.0169595 0.00651912 0.00312745 0.00168653 0.00271146 
352 0.170172 0.822083 0.00300439 0.0017736 0.00114008 0.000699868 0.00046866 0.000277237 0.000184541 0.00019595 
353 0.789078 0.191515 0.00786572 0.00559879 0.00272121 0.000744636 0.000561438 0.00155346 0.000182092 0.000179567 
354 0.361029 0.552687 0.0177263 0.0390814 0.0210745 0.00322017 0.00215584 0.00127529 0.000848887 0.00090137 
355 0.603541 0.318299 0.0119838 0.0310019 0.012564 0.0185142 0.00174823 0.00109076 0.000557633 0.000699313 
356 0.885083 0.079137 0.0070006 0.0119579 0.00602326 0.00732598 0.00262654 0.000729833 5.60133e-05 5.92519e-05 
357 0.427884 0.443205 0.0802078 0.0183416 0.0117165 0.00774592 0.00935747 0.000994086 0.000265277 0.000281678 
358 0.438572 0.443262 0.083776 0.010234 0.00429685 0.00934066 0.00361824 0.00100594 0.00548482 0.000409475 
