2 0.707978 0.195452 0.0747745 0.0107346 0.00804525 0.00145085 0.000683331 0.000423741 0.000245861 0.000211038 
3 0.0918857 0.595058 0.0776008 0.0942033 0.0507521 0.0482522 0.0241538 0.00839481 0.00432779 0.00537194 
4 0.795702 0.202989 0.000784013 0.000159306 0.000219116 2.28e-05 0.000114893 3.80891e-06 3.39751e-06 2.38459e-06 
5 0.282057 0.554665 0.0908682 0.0333186 0.0227212 0.0108319 0.00242828 0.00149634 0.000868198 0.000745227 
6 0.766819 0.226344 0.00577882 0.000910986 6.55193e-05 4.1371e-05 1.5986e-05 9.43183e-06 8.41384e-06 5.90538e-06 
7 0.535025 0.449507 0.00823744 0.00619536 0.00028933 0.000594319 7.3306e-05 3.56298e-05 2.06213e-05 2.16149e-05 
8 0.386287 0.521774 0.0764767 0.0150739 0.000172771 0.000110094 4.25408e-05 2.50994e-05 2.23904e-05 1.5715e-05 
9 0.589917 0.401896 0.00393994 0.0023552 0.000598093 0.000358747 0.000169056 0.000104929 0.00060717 5.31169e-05 
10 0.17585 0.459052 0.051334 0.101456 0.125558 0.0262754 0.00969367 0.0218228 0.0253496 0.00360872 
11 0.652272 0.272219 0.0294298 0.0165791 0.0239063 0.00291633 0.00116995 0.000725497 0.000420945 0.000361322 
12 0.1665 0.823224 0.00491538 0.0029996 0.0014606 0.000435298 0.000203201 0.000126007 7.31114e-05 6.27559e-05 
13 0.839863 0.158972 0.000850345 7.90588e-05 0.000190324 2.30886e-05 8.92156e-06 5.26379e-06 4.69566e-06 3.29572e-06 
14 0.42833 0.493457 0.0458708 0.0212371 0.00780731 0.00208077 0.000531611 0.000329658 0.000191273 0.000164181 
15 0.248462 0.723092 0.00505716 0.006983 0.0100939 0.00502877 0.000621965 0.000302573 0.000175119 0.000183556 
16 0.199471 0.554571 0.0972583 0.084619 0.0415499 0.0102862 0.0058844 0.00330217 0.00166441 0.0013942 
17 0.311042 0.516881 0.0487888 0.076938 0.0273501 0.00834008 0.00512289 0.00287483 0.00144902 0.00121378 
18 0.312349 0.672016 0.0083394 0.00454384 0.00124163 0.000700815 0.000392007 0.000190704 0.000110373 0.000115691 
19 0.82345 0.16404 0.0105185 0.00114309 1.46472e-05 0.000552386 3.39939e-06 3.05763e-06 0.000273789 8.67081e-07 
20 0.346415 0.644852 0.00686706 0.00140282 0.000208784 0.000117826 6.59069e-05 3.20624e-05 1.85566e-05 1.94507e-05 
21 0.877216 0.109798 0.0070258 0.00380551 0.00134181 0.000630564 9.51935e-05 3.96356e-05 2.29397e-05 2.4045e-05 
22 0.349923 0.601218 0.0433764 0.00410865 0.00102437 0.00027943 3.41135e-05 1.65955e-05 9.60487e-06 1.00677e-05 
23 0.172375 0.760724 0.0121016 0.0335633 0.0148622 0.00599369 0.000201303 8.19334e-05 4.74202e-05 4.9705e-05 
24 0.834776 0.122837 0.0245185 0.0157912 0.00127506 0.000187788 0.000531034 3.8672e-05 2.22067e-05 2.32767e-05 
25 0.234541 0.726561 0.032626 0.0023652 0.00260985 0.000602228 0.000336842 0.000163867 9.48404e-05 9.94101e-05 
26 0.360684 0.531285 0.0665652 0.0204712 0.00775788 0.003702 0.00801394 0.000789533 0.000397953 0.000333347 
27 0.505559 0.483155 0.00615959 0.0014401 0.000783442 0.00174712 0.000209019 0.000442049 0.000436627 6.72298e-05 
28 0.848911 0.149388 0.00156523 8.17883e-05 2.53851e-05 1.32165e-05 7.39276e-06 3.59643e-06 2.08148e-06 2.18178e-06 
29 0.0944368 0.817938 0.029421 0.0137242 0.0115693 0.00591232 0.00742049 0.0136559 0.0052702 0.000652027 
30 0.956996 0.0391792 0.00122251 0.00099974 0.00103403 0.00037169 7.92779e-05 4.67745e-05 4.17261e-05 2.92861e-05 
31 0.445885 0.382438 0.0658215 0.0509599 0.0256932 0.0134178 0.00735683 0.00408611 0.00233513 0.00200635 
32 0.20229 0.598847 0.086459 0.046275 0.0285699 0.0164862 0.0101266 0.0056828 0.00286434 0.00239932 
33 0.558055 0.399639 0.0167697 0.0109479 0.0065839 0.00371616 0.00207867 0.00101123 0.000585265 0.000613465 
34 0.316977 0.544131 0.0503844 0.0686479 0.0113457 0.00409648 0.00193041 0.00119707 0.000694559 0.000596181 
35 0.145398 0.697743 0.0711638 0.0403809 0.0198435 0.00991388 0.00888419 0.0030876 0.0016946 0.00189071 
36 0.117374 0.858517 0.0214337 0.00124839 0.000632541 0.000382175 0.000180096 0.00011168 6.47984e-05 5.56204e-05 
37 0.0424511 0.919362 0.0232396 0.00493291 0.00503969 0.00260613 0.00118787 0.000572449 0.000327144 0.000281082 
38 0.0466425 0.799968 0.138045 0.00676722 0.00370591 0.00213848 0.00131356 0.000737136 0.000371543 0.000311225 
39 0.064962 0.864058 0.0387532 0.0131041 0.0140325 0.00243243 0.00127697 0.0007166 0.000361192 0.000302554 
40 0.470143 0.52271 0.00587031 0.000916269 0.000162512 9.17273e-05 5.13085e-05 2.49606e-05 1.44463e-05 1.51424e-05 
41 0.162507 0.525654 0.104824 0.0927183 0.0529944 0.0281318 0.01546 0.00858674 0.00490717 0.00421623 
42 0.554218 0.43446 0.00516915 0.00319206 0.00239243 0.000290845 0.000134222 6.52962e-05 3.77911e-05 3.9612e-05 
43 0.0446653 0.947847 0.00506613 0.00130476 0.000528507 0.000282756 0.000133246 8.26277e-05 4.79419e-05 4.11514e-05 
44 0.0730792 0.826249 0.0432783 0.0244738 0.0230371 0.00537419 0.0021664 0.00121572 0.000612769 0.000513289 
45 0.612719 0.38111 0.00197811 0.00257881 0.000650596 0.000171479 0.000691631 4.59101e-05 2.65712e-05 2.78514e-05 
46 0.18088 0.784504 0.0199392 0.0084278 0.00349102 0.00132678 0.000625234 0.000387715 0.000224958 0.000193095 
47 0.174021 0.586368 0.068892 0.0517171 0.0579405 0.0362352 0.01193 0.00669481 0.00337443 0.0028266 
48 0.370602 0.526979 0.0213669 0.0418441 0.00765021 0.0292126 0.00113655 0.000552903 0.000320001 0.00033542 
49 0.317182 0.503956 0.056764 0.0575747 0.0486264 0.00767717 0.00359146 0.00222711 0.0012922 0.00110917 
50 0.209866 0.702645 0.0355912 0.0200382 0.0192456 0.0060688 0.00285987 0.00177344 0.00102898 0.000883232 
51 0.128577 0.659822 0.0584261 0.0322448 0.0979685 0.011564 0.0054773 0.00307372 0.00154927 0.00129775 
52 0.138078 0.667296 0.0790289 0.0475695 0.0286891 0.0225871 0.00842038 0.00432497 0.00217994 0.00182603 
53 0.289124 0.604629 0.041792 0.0277444 0.00950304 0.0121671 0.0134191 0.000815131 0.000434099 0.000372613 
54 0.122929 0.471218 0.130526 0.0959928 0.0695272 0.0391769 0.0415971 0.0143937 0.00736305 0.00727655 
55 0.154742 0.530595 0.0954723 0.0772707 0.0475281 0.041708 0.0335306 0.00961471 0.00513022 0.00440788 
56 0.548572 0.448182 0.0014243 0.000910699 0.000510032 0.000261925 6.07526e-05 3.76733e-05 2.18587e-05 1.87626e-05 
57 0.973122 0.00823013 0.0135037 0.0036043 0.000436876 0.000564584 0.000242785 0.000184354 0.000111441 1.79193e-07 
58 0.308194 0.663314 0.0276759 0.000697845 0.000109616 4.6055e-06 1.43736e-06 7.9257e-07 1.42954e-06 3.66628e-07 
59 0.274431 0.562773 0.043855 0.0346897 0.0524595 0.00625446 0.0109952 0.0125934 0.00104839 0.000899897 
60 0.302378 0.574047 0.0416274 0.041886 0.0200262 0.00963868 0.00454214 0.00281663 0.00163426 0.00140278 
61 0.164424 0.309251 0.148011 0.149956 0.108666 0.058136 0.023141 0.0162286 0.0120178 0.0101694 
62 0.654943 0.292557 0.020053 0.015092 0.00769368 0.00464844 0.00219054 0.00135838 0.000788152 0.000676518 
63 0.678978 0.296105 0.0122249 0.00501641 0.00340757 0.00217723 0.000841292 0.000496369 0.000442795 0.000310782 
64 0.247007 0.656865 0.067135 0.0181699 0.00852637 0.00129352 0.000438107 0.000271675 0.00015763 0.000135304 
65 0.173749 0.613072 0.0526381 0.0534888 0.0378287 0.021877 0.020295 0.0220216 0.00273704 0.00229269 
66 0.857614 0.140641 0.000723011 0.000518439 0.000381568 0.000117012 1.6595e-06 9.14611e-07 1.64966e-06 4.23082e-07 
67 0.15965 0.75016 0.0459123 0.0351352 0.00712079 0.00115919 0.000417934 0.000203316 0.000117672 0.000123342 
68 0.173393 0.749603 0.0398166 0.0121433 0.0117421 0.0093082 0.00174502 0.0010821 0.00062785 0.000538921 
69 0.494686 0.450424 0.0416762 0.0124205 0.000603308 9.72151e-05 3.74032e-05 2.20682e-05 1.96863e-05 1.38171e-05 
70 0.257509 0.645948 0.039343 0.021381 0.0175788 0.00197506 0.00118888 0.0144386 0.000311806 0.000326037 
71 0.212891 0.674042 0.0372914 0.0389187 0.0239896 0.00684597 0.00289358 0.00162366 0.000818383 0.000685521 
72 0.355076 0.545645 0.0506628 0.018282 0.0137877 0.00463295 0.00272153 0.00158243 0.00334096 0.00426847 
73 0.140497 0.721065 0.0683446 0.0235063 0.00846517 0.0277092 0.00879592 0.000840189 0.00041778 0.000358605 
74 0.115171 0.82491 0.0187688 0.0208192 0.0195847 0.000352673 0.000190796 9.28183e-05 5.37199e-05 5.63083e-05 
75 0.184919 0.745361 0.0227965 0.030566 0.00730977 0.00397146 0.00243947 0.00136897 0.000690009 0.000577989 
76 0.118926 0.659225 0.052865 0.0759186 0.0465584 0.0245856 0.0139021 0.00204171 0.00116691 0.00481113 
77 0.115904 0.530005 0.123067 0.0905074 0.0655542 0.032374 0.0186237 0.0101604 0.00694231 0.00686075 
78 0.0990685 0.854603 0.0319118 0.00840019 0.00503019 0.000784728 9.76987e-05 4.75285e-05 2.75078e-05 2.88332e-05 
79 0.186587 0.527939 0.0933338 0.074813 0.0491534 0.0317238 0.0150969 0.00988014 0.00542272 0.00605026 
80 0.235851 0.519548 0.0831823 0.0370356 0.0240884 0.0375166 0.0423326 0.00839627 0.00931653 0.00273302 
81 0.146405 0.275492 0.156239 0.220998 0.0942905 0.051765 0.020605 0.0144501 0.0107008 0.00905498 
82 0.578701 0.411684 0.00694109 0.000330058 0.0020756 0.000136845 5.28767e-05 3.11977e-05 2.78304e-05 1.95332e-05 
83 0.0818199 0.888226 0.0185013 0.00592954 0.00269262 0.0012426 0.00076327 0.000428327 0.000215892 0.000180843 
84 0.107321 0.879436 0.00636374 0.00215715 0.00142196 0.00263947 0.000556518 4.77344e-05 2.72717e-05 2.85857e-05 
85 0.148015 0.565239 0.0915786 0.0792962 0.0530106 0.0296905 0.01546 0.00858674 0.00490716 0.00421623 
86 0.787132 0.196066 0.0116377 0.00154112 0.00305652 0.000364956 8.12198e-05 4.79203e-05 4.27482e-05 3.00034e-05 
87 0.182489 0.547247 0.0727886 0.0594678 0.0775609 0.0227393 0.0237041 0.00753708 0.00351905 0.00294774 
88 0.163811 0.737089 0.0197689 0.0499765 0.0166302 0.00837296 0.00109985 0.000445421 0.000258465 0.00254739 
89 0.437437 0.522051 0.0237579 0.0134566 0.00113496 0.00177176 0.000173011 0.000104776 6.07929e-05 5.21822e-05 
90 0.29755 0.670044 0.0216229 0.00272876 0.00140648 0.00416182 0.00202548 0.000223931 0.000115233 0.000120786 
91 0.0881881 0.401401 0.116885 0.102047 0.0724507 0.110189 0.0145198 0.0119036 0.051276 0.0311404 
92 0.817153 0.179853 0.00222885 0.000437234 0.000147734 8.33859e-05 4.66427e-05 2.26907e-05 1.31326e-05 1.37654e-05 
93 0.19315 0.77089 0.0332012 0.00219585 0.000254133 0.000143437 8.02331e-05 3.90318e-05 2.25902e-05 2.36787e-05 
94 0.179325 0.585253 0.107434 0.0549815 0.0328759 0.0161463 0.00738662 0.00246817 0.0129662 0.00116357 
95 0.177244 0.772277 0.0244275 0.0196474 0.00209302 0.0033876 0.000403772 0.000250368 0.000145267 0.000124692 
96 0.167855 0.4714 0.0940961 0.0939884 0.0574972 0.0465589 0.0190838 0.0370506 0.00589445 0.00657637 
97 0.230998 0.727527 0.0198757 0.0107693 0.00661282 0.00334201 0.000382981 0.000236751 0.000137366 0.00011791 
98 0.194739 0.520433 0.105882 0.0750784 0.0465352 0.0284833 0.0113328 0.010515 0.00352146 0.00348009 
99 0.159876 0.747066 0.076871 0.010746 0.00256683 0.00138277 0.000651616 0.000404075 0.00023445 0.000201243 
100 0.508379 0.480159 0.00842638 0.0014796 0.000927882 0.00030246 0.000142531 8.83854e-05 5.12826e-05 4.40189e-05 
101 0.207653 0.510057 0.167325 0.0424412 0.0452777 0.0120507 0.00580237 0.00570284 0.00185681 0.00183302 
102 0.214119 0.362444 0.182157 0.146338 0.0603436 0.0177236 0.00698929 0.00457414 0.00251052 0.00280105 
103 0.17264 0.534825 0.0830432 0.0921797 0.0675552 0.0249318 0.01193 0.00669481 0.00337443 0.0028266 
104 0.108715 0.870971 0.0115941 0.00389297 0.00225095 0.00204969 0.000255218 0.000124158 7.1858e-05 7.53204e-05 
105 0.135962 0.848585 0.00655758 0.00641471 0.00110123 0.000664063 0.000312934 0.000194054 0.000112593 9.66454e-05 
106 0.0776208 0.878924 0.024488 0.00946386 0.00530824 0.00185918 0.00112228 0.000629795 0.000317439 0.000265904 
107 0.200402 0.438436 0.181224 0.113648 0.0316371 0.0180512 0.00774723 0.00429337 0.00245358 0.00210812 
108 0.182648 0.570834 0.0856759 0.0682898 0.0457396 0.020548 0.0126216 0.00708292 0.00357005 0.00299046 
109 0.148839 0.727205 0.0807036 0.0238613 0.0151869 0.00202902 0.000950356 0.000589327 0.000341937 0.000293505 
110 0.989581 0.00794152 0.000712214 0.00104033 0.000294206 0.000347389 7.85383e-05 1.29608e-06 2.33771e-06 5.99542e-07 
111 0.319827 0.674191 0.00252219 0.00148314 0.000891936 0.000503437 0.000281602 0.000136994 7.92872e-05 8.31075e-05 
112 0.260343 0.628508 0.0501473 0.028373 0.0144641 0.00873907 0.00411821 0.00255375 0.00148173 0.00127185 
113 0.167358 0.523491 0.108028 0.0790823 0.0587475 0.0291331 0.0159215 0.00884307 0.00505365 0.00434209 
114 0.424618 0.467004 0.0317248 0.028408 0.0191238 0.0166441 0.00989279 0.00124371 0.00072162 0.000619409 
115 0.300592 0.486395 0.0686628 0.0578637 0.0398479 0.0177903 0.00935737 0.00536345 0.0111664 0.00296136 
116 0.178948 0.657659 0.0902111 0.0243821 0.00868946 0.0264262 0.0110827 0.00125184 0.000726336 0.000623458 
117 0.525847 0.468318 0.00551118 0.000128274 8.65129e-05 5.52763e-05 2.13591e-05 1.2602e-05 1.12419e-05 7.89026e-06 
118 0.079832 0.656415 0.128486 0.0809358 0.0268646 0.0126045 0.00692689 0.00384731 0.00219866 0.00188909 
119 0.0558183 0.799362 0.0341035 0.0297859 0.041961 0.0222245 0.0103164 0.0037306 0.00127493 0.00142248 
120 0.0766076 0.864373 0.0273363 0.0201169 0.00387446 0.00196173 0.00209698 0.000666703 0.00247551 0.00049055 
121 0.156234 0.791062 0.024689 0.0146427 0.0101441 0.00155318 0.000731909 0.000453865 0.00026334 0.00022604 
122 0.639758 0.318916 0.0397908 0.000508107 0.000154785 9.88977e-05 3.82146e-05 2.43248e-05 0.000695865 1.45524e-05 
123 0.0768181 0.899219 0.00875371 0.00451335 0.00738792 0.00161767 0.000812398 0.000455896 0.000229788 0.000192483 
124 0.183111 0.571879 0.0757217 0.0793618 0.0503699 0.0198628 0.00785569 0.00585001 0.00472371 0.00126407 
125 0.168036 0.565167 0.0606311 0.0545132 0.103889 0.0236003 0.0116119 0.00651628 0.00328444 0.00275123 
126 0.117839 0.820031 0.0376286 0.00938181 0.00911426 0.0029042 0.00135467 0.000840049 0.00048741 0.000418373 
127 0.180415 0.656524 0.054067 0.0362234 0.0367058 0.0112276 0.00719423 0.0115599 0.00532764 0.000755662 
128 0.42279 0.411472 0.0345034 0.00916059 0.00549864 0.0073177 0.0411153 0.067043 0.000587125 0.000512344 
129 0.115039 0.67162 0.0885583 0.0457732 0.0270497 0.0200039 0.0166788 0.00628274 0.00265744 0.00633685 
130 0.346617 0.461819 0.0793738 0.0328936 0.0312231 0.00835791 0.0193063 0.0148617 0.0044727 0.00107483 
131 0.0944663 0.89516 0.00716637 0.000907734 0.000545768 0.00139839 0.000172292 8.38098e-05 4.85061e-05 5.08433e-05 
132 0.158207 0.605842 0.0846284 0.0811201 0.0310353 0.0131279 0.00806381 0.0105982 0.00546714 0.00191057 
133 0.0552462 0.763897 0.135015 0.0290323 0.0101209 0.00289056 0.00166071 0.000906024 0.000619059 0.000611786 
134 0.0997504 0.665569 0.113024 0.0413669 0.0507151 0.0189766 0.00509293 0.00285802 0.00144054 0.00120668 
135 0.129328 0.589334 0.117243 0.0708467 0.039707 0.0245708 0.013503 0.00749981 0.004286 0.00368253 
136 0.180039 0.57375 0.0855015 0.0794636 0.0351016 0.0202544 0.0124413 0.00698173 0.00351905 0.00294774 
137 0.683016 0.264464 0.0318104 0.0119183 0.00248936 0.00209122 0.00352873 0.000413631 0.000144512 0.000124043 
138 0.13643 0.161824 0.226517 0.229053 0.121275 0.0483355 0.0318679 0.0242486 0.00950321 0.0109457 
139 0.134638 0.617095 0.0673668 0.0590187 0.100267 0.0118182 0.00470752 0.00264174 0.00133153 0.00111536 
140 0.178184 0.4853 0.0998374 0.101262 0.0567548 0.0366044 0.0174195 0.0114002 0.00625698 0.00698107 
141 0.488659 0.509916 0.000667568 0.000181173 0.000513445 3.56818e-05 1.08606e-05 6.40784e-06 5.71623e-06 4.01202e-06 
142 0.699044 0.290814 0.00655185 0.00155252 0.000502871 0.00131135 0.000123287 4.59376e-05 2.6587e-05 2.78681e-05 
143 0.0796052 0.62219 0.120381 0.0716498 0.0547296 0.0222182 0.012781 0.00697283 0.00476433 0.00470836 
144 0.540641 0.427168 0.0174232 0.00590159 0.00580434 0.00143726 0.000780368 0.000437922 0.000220729 0.000184894 
145 0.1881 0.558022 0.0684715 0.0903827 0.0468128 0.0211614 0.0129984 0.00729435 0.00367661 0.00307973 
146 0.588177 0.401577 0.00782211 0.000331891 8.26599e-05 0.000216838 0.00175065 1.29004e-05 2.32681e-05 5.96746e-06 
147 0.740015 0.192348 0.0233528 0.0305521 0.00390711 0.0011287 0.00748497 0.00101802 9.48404e-05 9.94101e-05 
148 0.248028 0.578446 0.0340667 0.0374186 0.014701 0.0657472 0.0167935 0.00231101 0.00133891 0.00114927 
149 0.157123 0.538758 0.096944 0.0893731 0.0527275 0.0298629 0.0164114 0.00911516 0.00520914 0.00447569 
150 0.178184 0.500448 0.0996678 0.0863227 0.0567155 0.0366044 0.0174195 0.0114002 0.00625698 0.00698107 
151 0.277047 0.414968 0.132838 0.0897314 0.0404712 0.0163034 0.0106877 0.010027 0.00447133 0.00345505 
152 0.235092 0.631538 0.0853667 0.0267934 0.0127183 0.00410131 0.00191842 0.00118963 0.000690245 0.000592479 
153 0.660389 0.314173 0.0202466 0.00419287 0.000495282 0.000233798 0.000130777 6.36205e-05 3.68213e-05 3.85955e-05 
154 0.252715 0.714992 0.01117 0.0170556 0.00187185 0.0010196 0.000570321 0.00027745 0.000160578 0.000168315 
155 0.402103 0.511022 0.0434382 0.0311874 0.00675611 0.00264286 0.00124543 0.000772303 0.000448102 0.000384633 
156 0.146041 0.75536 0.0750628 0.0145388 0.00398578 0.00286164 0.00103308 0.00057974 0.00029221 0.000244771 
157 0.689771 0.152117 0.134839 0.0138193 0.00864794 0.000757641 1.72071e-05 9.48035e-06 1.70995e-05 4.38543e-06 
158 0.207725 0.50428 0.159345 0.0804485 0.02814 0.00880628 0.00540926 0.00303553 0.00153002 0.00128163 
159 0.298969 0.570436 0.0393054 0.0428195 0.0163912 0.0222347 0.00431652 0.00266016 0.00154346 0.00132485 
160 0.710563 0.266464 0.0135907 0.00112599 0.00240562 0.00135985 0.00047545 0.00391054 5.59395e-05 4.82144e-05 
161 0.1035 0.870359 0.0218568 0.00121538 0.0021839 0.000411104 0.000229955 0.000111868 6.47455e-05 6.78651e-05 
162 0.167816 0.456402 0.13921 0.0920115 0.0669455 0.0379231 0.0119378 0.0083719 0.00656703 0.0128153 
163 0.407904 0.404457 0.0771239 0.0435148 0.0305806 0.0164612 0.0123538 0.00450387 0.00166795 0.0014331 
164 0.189303 0.706202 0.0513536 0.0227106 0.00720782 0.0190857 0.00191377 0.00107001 0.000620835 0.0005329 
165 0.137201 0.644016 0.0682836 0.0367362 0.0544866 0.0137883 0.0128599 0.00408753 0.00322971 0.0253112 
166 0.204784 0.584609 0.0688302 0.0679138 0.0319136 0.0184131 0.0113103 0.00634703 0.00319913 0.00267977 
167 0.122856 0.715971 0.0783477 0.0380442 0.0193466 0.0111639 0.00685741 0.0038482 0.00193963 0.00162474 
168 0.30358 0.675358 0.0111157 0.00462605 0.00235828 0.00142485 0.000671447 0.000416372 0.000241586 0.000207367 
169 0.313834 0.624749 0.0268926 0.0110226 0.00955376 0.0117429 0.000964757 0.00059667 0.000346197 0.000297162 
170 0.180836 0.683688 0.0469076 0.0543092 0.0151199 0.00878321 0.00482688 0.00268093 0.0015321 0.00131638 
171 0.124955 0.43661 0.16208 0.11715 0.0792146 0.0386577 0.0125358 0.016878 0.00645598 0.00546292 
172 0.212829 0.64978 0.0602775 0.0183831 0.0255885 0.0121679 0.0186334 0.00118028 0.000624322 0.000535894 
173 0.0705998 0.89759 0.0122634 0.00829062 0.00945116 0.00112022 0.000299288 0.000185592 0.000107683 9.24312e-05 
174 0.273945 0.533836 0.0344188 0.105438 0.0109564 0.0150345 0.0110259 0.0133417 0.00109599 0.000908467 
175 0.42719 0.458764 0.0310381 0.0254612 0.0243812 0.0123923 0.0062832 0.00352093 0.00732974 0.00363949 
176 0.12682 0.746244 0.03867 0.0638779 0.0152289 0.00409339 0.000916788 0.00353365 0.000331679 0.000283054 
177 0.199114 0.653056 0.0585995 0.0340553 0.0165576 0.029721 0.00469777 0.00201511 0.00103224 0.0011517 
178 0.141567 0.831799 0.0171218 0.0080406 0.000676263 0.000369187 0.000206508 0.000100462 5.81439e-05 6.09455e-05 
179 0.103557 0.824429 0.0455095 0.0131589 0.00612735 0.00433142 0.00146259 0.000690542 0.000394632 0.000339067 
180 0.466385 0.521362 0.00540154 0.00479296 0.00163135 0.000205602 0.000107323 5.22103e-05 3.02175e-05 3.16735e-05 
181 0.092199 0.777793 0.0727593 0.0305051 0.011579 0.00665639 0.00408869 0.00229447 0.00115649 0.000968741 
182 0.1881 0.571301 0.0710622 0.0751094 0.0462121 0.0211659 0.0129984 0.00729435 0.00367661 0.00307973 
183 0.144878 0.644326 0.0855622 0.0578761 0.0302307 0.0162967 0.0100102 0.00561748 0.00283142 0.00237175 
184 0.131414 0.803251 0.0222407 0.0194869 0.0126178 0.00952296 0.000650573 0.000392482 0.000227724 0.000195469 
185 0.217573 0.616366 0.113422 0.0135655 0.0245575 0.0102219 0.00188094 0.0011608 0.000673512 0.000578116 
186 0.392119 0.533809 0.0393985 0.0124272 0.0117906 0.00492904 0.00239903 0.00206313 0.000576197 0.000488941 
187 0.500205 0.440343 0.0303285 0.0128401 0.00813349 0.00293396 0.00345207 0.000920468 0.000458721 0.000384249 
188 0.132281 0.558312 0.112473 0.100493 0.042525 0.0207598 0.020558 0.00610812 0.00349066 0.00299918 
189 0.214964 0.668218 0.0344053 0.0543867 0.00912812 0.00861446 0.00709506 0.0015371 0.000889035 0.000763112 
190 0.745275 0.225552 0.0213232 0.00258631 0.00382212 0.000399267 5.14904e-05 0.000942837 2.78554e-05 1.90159e-05 
191 0.76379 0.233436 0.00191783 0.000385406 0.000212474 0.000119927 6.70823e-05 3.26342e-05 1.88875e-05 1.97976e-05 
192 0.210688 0.558695 0.0755341 0.0665152 0.0514396 0.0182507 0.00907178 0.00509084 0.00256597 0.00214939 
193 0.514873 0.419445 0.0298958 0.0171542 0.0136235 0.00201034 0.00253646 0.000224932 0.00012715 0.000109141 
194 0.163296 0.601567 0.0471818 0.0997457 0.0367343 0.0425124 0.0028305 0.00587343 0.000126374 0.000132453 
195 0.420295 0.546404 0.0292563 0.00205847 0.00185257 6.81577e-05 2.63272e-05 1.55333e-05 1.38567e-05 9.72555e-06 
196 0.0976328 0.769796 0.0533504 0.0445122 0.019565 0.00990629 0.00251703 0.00141249 0.000711946 0.000596364 
197 0.143718 0.602339 0.12382 0.0586571 0.0273208 0.0250688 0.00916728 0.00514443 0.00259298 0.00217202 
198 0.590055 0.312567 0.0626048 0.0169028 0.0148288 0.00141221 0.000789895 0.000384268 0.000222401 0.000233117 
199 0.730678 0.25147 0.0119145 0.00278946 0.000966783 0.00182152 0.00018585 6.91407e-05 6.16782e-05 4.32898e-05 
200 0.584847 0.364791 0.0312476 0.014166 0.0022554 0.00129532 0.000610407 0.00037852 0.000219623 0.000188516 
201 0.235114 0.562231 0.0575612 0.0605031 0.0437039 0.017947 0.0110239 0.00618634 0.00311814 0.00261192 
202 0.282145 0.595295 0.0411566 0.0221977 0.0457627 0.00503383 0.0052021 0.00159703 0.00086597 0.000744041 
203 0.996669 0.00249677 0.000297986 4.16334e-05 5.17879e-05 0.000433973 4.15184e-06 1.61254e-06 2.9085e-06 7.45931e-07 
204 0.22421 0.531928 0.0745228 0.0605742 0.0491043 0.0260188 0.0199331 0.00790588 0.00315812 0.00264541 
205 0.167854 0.457166 0.095474 0.136327 0.0690762 0.0344824 0.0164096 0.0107393 0.00589426 0.00657637 
206 0.282477 0.604171 0.0749915 0.0147063 0.0113647 0.00565183 0.00319008 0.00179019 0.000902319 0.000755831 
207 0.136521 0.573506 0.0965844 0.0913586 0.0502344 0.0238843 0.013009 0.00722543 0.0041292 0.00354781 
208 0.111618 0.872801 0.00567947 0.00478919 0.00436015 0.000349712 0.000195277 9.49982e-05 5.49816e-05 5.76308e-05 
209 0.075058 0.830374 0.0365004 0.0287072 0.0162782 0.0052206 0.00365464 0.00237278 0.000867172 0.000967525 
210 0.0972708 0.66971 0.0509586 0.105227 0.0481274 0.0132418 0.00720771 0.00400328 0.0022878 0.00196568 
211 0.136478 0.83234 0.0100033 0.0159336 0.002579 0.00212397 0.000263367 0.000127452 7.37647e-05 7.73189e-05 
212 0.639166 0.24414 0.033085 0.0179223 0.0295028 0.0195778 0.009997 0.00486168 0.000951093 0.000796687 
213 0.0612181 0.907319 0.0210226 0.00453787 0.00125935 0.00334845 0.000554872 0.000582831 8.42575e-05 7.23191e-05 
214 0.196401 0.540025 0.0829738 0.0787616 0.0569762 0.0196918 0.0120957 0.00678779 0.00342129 0.00286586 
215 0.144645 0.505179 0.108708 0.119705 0.0481033 0.031101 0.0245469 0.00914521 0.00476894 0.00409746 
216 0.485743 0.378673 0.108309 0.0106504 0.00756059 0.000327373 0.00644443 7.66213e-05 0.00217084 4.40246e-05 
217 0.122071 0.74107 0.052269 0.0393284 0.0137105 0.0225992 0.00474949 0.00218179 0.0010997 0.000921169 
218 0.109336 0.665987 0.0926023 0.0495518 0.0531631 0.0137893 0.00725674 0.00403051 0.00230336 0.00197905 
219 0.275106 0.550573 0.0526432 0.040718 0.0522067 0.0187967 0.00435022 0.00269762 0.0015652 0.00134351 
220 0.170323 0.507807 0.0952446 0.0972176 0.0542159 0.0349895 0.016651 0.0108972 0.00598094 0.00667308 
221 0.183487 0.499572 0.0932747 0.0932683 0.0715545 0.0270554 0.0148158 0.00822896 0.0047027 0.00404056 
222 0.406704 0.370418 0.0756307 0.062057 0.0426987 0.0105879 0.0110519 0.0203498 0.000269149 0.000231957 
223 0.289812 0.560758 0.0415122 0.0431599 0.0250781 0.0251294 0.00886351 0.00273616 0.00158756 0.0013627 
224 0.135072 0.555932 0.104244 0.0838924 0.0549371 0.0415034 0.0114197 0.00630304 0.00360207 0.00309489 
225 0.461443 0.485562 0.0463954 0.00364616 0.00131034 0.000790627 0.000372576 0.000231039 0.000134052 0.000115065 
226 0.116609 0.507938 0.142863 0.130863 0.0532952 0.0164264 0.00796075 0.00608539 0.0143128 0.00364662 
227 0.247164 0.49463 0.0561696 0.0411408 0.0335802 0.114881 0.00739596 0.00242445 0.0014067 0.00120746 
228 0.14093 0.569845 0.0864876 0.0747211 0.0387591 0.0239641 0.0193471 0.0379799 0.00437446 0.00359161 
229 0.242663 0.614652 0.0653265 0.0383527 0.0220105 0.00867812 0.00363371 0.00225331 0.0013074 0.00112222 
230 0.170661 0.546644 0.0763655 0.0975934 0.0719423 0.0181106 0.00897826 0.00503836 0.00253952 0.00212724 
231 0.34346 0.608032 0.0164527 0.0167405 0.00994755 0.0026269 0.00119715 0.000742369 0.000430734 0.000369725 
232 0.123657 0.297945 0.136904 0.1953 0.133541 0.0491184 0.0251967 0.0216702 0.00557577 0.0110919 
233 0.129656 0.781211 0.0711089 0.012058 0.00267471 0.00158316 0.000746053 0.000462636 0.000268429 0.000230408 
234 0.991898 0.00646221 0.000375688 0.000878743 0.00029692 4.7909e-05 1.6305e-05 9.62009e-06 8.58177e-06 6.02324e-06 
235 0.188975 0.460936 0.10349 0.0986597 0.0569752 0.0482767 0.0207488 0.0101511 0.00557128 0.00621602 
236 0.64237 0.303138 0.021339 0.0154201 0.00786094 0.00474949 0.00223816 0.00138791 0.000805285 0.000691225 
237 0.985993 0.0117801 0.000929753 0.000774907 0.000446819 4.01497e-05 1.25165e-05 6.90169e-06 1.24484e-05 3.19259e-06 
238 0.689281 0.249284 0.0107721 0.00442236 0.00759206 0.0368051 0.000741665 0.000437588 0.000390358 0.000273979 
239 0.187459 0.411208 0.0816148 0.103061 0.092093 0.077603 0.0204569 0.0122966 0.0063393 0.00786876 
240 0.658668 0.303204 0.0221708 0.0057223 0.00548086 0.00339134 0.000595209 0.000369039 0.000214122 0.000183794 
241 0.0818897 0.511926 0.122849 0.14307 0.0844515 0.0240465 0.0125983 0.0108351 0.00278788 0.00554593 
242 0.216363 0.592131 0.0784531 0.0503946 0.0259912 0.0203009 0.00901578 0.0034392 0.00184865 0.00206259 
243 0.123657 0.317446 0.143608 0.15498 0.130509 0.0515588 0.033538 0.0279438 0.00566672 0.0110919 
244 0.132357 0.156993 0.218739 0.209582 0.11638 0.0468927 0.0346204 0.0600177 0.0137989 0.010619 
245 0.57515 0.420332 0.00390114 0.000244092 0.000165801 0.000105936 4.09343e-05 2.41516e-05 2.15448e-05 1.51216e-05 
246 0.513014 0.436898 0.0197646 0.00458015 0.0112263 0.012985 0.000641041 0.000353795 0.000315609 0.000221515 
247 0.183848 0.723019 0.046369 0.0210665 0.0145981 0.00487221 0.00299275 0.00167945 0.000846506 0.000709079 
248 0.060499 0.145764 0.231142 0.144872 0.170564 0.0687176 0.0720835 0.0784761 0.0169947 0.0108877 
249 0.550261 0.364131 0.0464914 0.0182002 0.00927187 0.00560197 0.00263988 0.00163702 0.000949824 0.000815291 
250 0.37271 0.541253 0.0376573 0.0356818 0.00797799 0.00369277 0.000452753 0.00027638 0.00016036 0.000137647 
251 0.178394 0.512174 0.078157 0.118683 0.0538217 0.0273481 0.0130145 0.00851736 0.00467476 0.00521574 
252 0.150598 0.504114 0.0942561 0.107943 0.0843415 0.0269596 0.0148158 0.00822896 0.0047027 0.00404056 
253 0.608991 0.347638 0.0289495 0.0105638 0.0017815 0.000999131 0.000470832 0.000291968 0.000169405 0.00014541 
254 0.81386 0.178781 0.00707944 0.000110386 7.47567e-05 4.77649e-05 1.84566e-05 1.08895e-05 9.7142e-06 6.81805e-06 
255 0.0884699 0.607242 0.125244 0.0597975 0.0441218 0.0273172 0.0288295 0.0108707 0.00423427 0.003873 
256 0.163126 0.499413 0.0994601 0.0996264 0.0524965 0.0415825 0.0217397 0.0104368 0.00572822 0.00639112 
257 0.412729 0.553629 0.0158441 0.00318506 0.0117527 0.00168687 0.00056827 0.000276452 0.00016 0.00016771 
258 0.120945 0.488526 0.148195 0.0976861 0.0674822 0.0333261 0.0191714 0.0104592 0.00714649 0.00706253 
259 0.144355 0.448035 0.0891485 0.107951 0.0852041 0.0743015 0.0220535 0.0134317 0.00692447 0.00859511 
260 0.366865 0.608161 0.0210493 0.00182905 0.00149127 0.000280744 0.000157037 7.63952e-05 4.42148e-05 4.63453e-05 
261 0.184563 0.578855 0.0849515 0.0562706 0.046625 0.0224699 0.0126216 0.00708291 0.00357005 0.00299046 
262 0.127404 0.318587 0.151832 0.164041 0.127236 0.0454397 0.0259602 0.0223269 0.00574473 0.011428 
263 0.0855419 0.609805 0.0885881 0.119018 0.0404896 0.0279738 0.018574 0.00463133 0.0025419 0.00283606 
264 0.246769 0.540857 0.0333111 0.0683713 0.0346687 0.0382674 0.0203447 0.0151658 0.00120793 0.00103684 
265 0.566717 0.392741 0.0176292 0.0163424 0.00292812 0.00175249 0.000825844 0.000512115 0.000297137 0.000255051 
266 0.847218 0.141121 0.00173325 0.00811507 0.00143872 0.000191434 7.3394e-05 4.3303e-05 3.86292e-05 2.71125e-05 
267 0.0822627 0.719595 0.0765573 0.0688044 0.0250909 0.00702353 0.0157249 0.00292904 0.00109481 0.000917075 
268 0.175484 0.477947 0.0980799 0.100011 0.0558561 0.0360498 0.0171555 0.0112282 0.0213129 0.0068753 
269 0.185681 0.754231 0.0224228 0.0314345 0.00445736 0.00082342 0.00046058 0.000224063 0.00012968 0.000135928 
270 0.109666 0.563993 0.110755 0.0826443 0.0887611 0.0247773 0.0090478 0.00502106 0.00286944 0.00246542 
271 0.268985 0.554174 0.0810462 0.0380394 0.0190615 0.0295131 0.00401125 0.00248742 0.00144324 0.00123882 
272 0.194786 0.560837 0.088232 0.0584684 0.0539258 0.0192597 0.0117688 0.00660434 0.00332883 0.0027884 
273 0.223134 0.709173 0.0158681 0.0136885 0.0212572 0.0103304 0.00101399 0.00510349 0.000210809 0.000220964 
274 0.181868 0.296726 0.153359 0.165363 0.0946288 0.0524839 0.0208912 0.0146508 0.0108494 0.00918074 
275 0.124468 0.641484 0.0778197 0.0614238 0.0419787 0.0293858 0.011096 0.0059847 0.00342015 0.00293859 
276 0.289059 0.579872 0.0326531 0.0351712 0.0251739 0.0267313 0.00676362 0.00220151 0.00127735 0.00109643 
277 0.135986 0.453343 0.0961784 0.106841 0.0887966 0.0695035 0.0220786 0.012653 0.00652305 0.00809684 
278 0.278939 0.586685 0.0547303 0.0360921 0.0240914 0.00936329 0.00441237 0.00273616 0.00158756 0.0013627 
279 0.133275 0.598331 0.111954 0.0772008 0.0457483 0.0132897 0.00741686 0.00666754 0.00524641 0.000870643 
280 0.136011 0.479119 0.128578 0.09456 0.0774122 0.0397941 0.0194897 0.0106153 0.00725316 0.00716794 
281 0.144355 0.448035 0.0891485 0.107951 0.079595 0.0658172 0.0359887 0.01359 0.00692447 0.00859511 
282 0.0691913 0.774761 0.103006 0.0202774 0.0094434 0.00890261 0.0113459 0.00161215 0.000794623 0.000665619 
283 0.749294 0.148211 0.0610959 0.0244683 0.0158344 0.000924649 6.91614e-05 4.08058e-05 3.64015e-05 2.5549e-05 
284 0.147771 0.471475 0.123681 0.0894227 0.106121 0.0243762 0.0210178 0.00753022 0.00406704 0.0045377 
285 0.493981 0.475432 0.0130316 0.00745433 0.00436415 0.00251831 0.00154688 0.000868066 0.000437537 0.000366504 
286 0.0669797 0.809971 0.0372121 0.031186 0.0170436 0.0223629 0.00940951 0.00252616 0.00166425 0.0016447 
287 0.393379 0.559506 0.0233941 0.00686951 0.00533853 0.00248868 0.00672051 0.0015829 0.000392253 0.00032857 
288 0.499977 0.46355 0.012982 0.0149671 0.00131185 0.0025181 0.00252883 0.00198319 8.89741e-05 9.32467e-05 
289 0.691906 0.302626 0.00167739 0.0033153 0.000235426 0.000122378 4.72874e-05 2.78999e-05 2.48886e-05 1.74685e-05 
290 0.28707 0.552631 0.0679189 0.0260457 0.0493455 0.00836753 0.00376666 0.00233575 0.00135524 0.00116328 
291 0.319457 0.506098 0.0779767 0.0177435 0.041775 0.0225865 0.00271315 0.00159609 0.000955982 0.00909834 
292 0.264611 0.498846 0.0939352 0.0801387 0.0276042 0.019504 0.0071598 0.00397641 0.00227245 0.00195248 
293 0.522856 0.376921 0.0352128 0.0124207 0.0229297 0.0122133 0.00207868 0.00101123 0.000620533 0.0137361 
294 0.125385 0.684882 0.103744 0.0454725 0.0209397 0.00859279 0.00527813 0.00296195 0.00149293 0.00125056 
295 0.189645 0.529824 0.122325 0.0830841 0.0331715 0.0184131 0.0113103 0.00634703 0.00319913 0.00267977 
296 0.119288 0.639723 0.0766589 0.099741 0.0339089 0.0163757 0.00666713 0.00370303 0.00211621 0.00181825 
297 0.178311 0.500515 0.0994739 0.0863227 0.0567155 0.0366044 0.0174195 0.0114002 0.00625698 0.00698107 
298 0.0802073 0.306183 0.270651 0.0615304 0.11209 0.109808 0.0338651 2.40248e-05 0.00628137 0.0193597 
299 0.566799 0.374757 0.0313522 0.0116925 0.00694967 0.00392262 0.00219415 0.00106741 0.00061778 0.000647546 
300 0.101771 0.801375 0.0379656 0.0279795 0.012443 0.0103774 0.00376951 0.00209359 0.00119645 0.00102799 
301 0.167855 0.471672 0.125657 0.0922948 0.054445 0.0483217 0.0165446 0.0107393 0.00589426 0.00657637 
302 0.134894 0.485379 0.138146 0.0969326 0.0674822 0.0333261 0.0191714 0.0104592 0.00714649 0.00706253 
303 0.537279 0.415914 0.0186795 0.0120586 0.00725183 0.00409316 0.00228955 0.00111382 0.00064464 0.000675701 
304 0.181942 0.574519 0.10973 0.0611968 0.0382443 0.0150887 0.0092648 0.00519916 0.00262057 0.00219513 
305 0.283845 0.562901 0.0277606 0.0617027 0.0511637 0.00653305 0.00266264 0.00165113 0.000958012 0.000822319 
306 0.178185 0.500589 0.0995261 0.0863227 0.0567155 0.0366044 0.0174195 0.0114002 0.00625698 0.00698107 
307 0.157123 0.538758 0.0969411 0.0784595 0.0532266 0.0400309 0.0166608 0.00911516 0.00520914 0.00447569 
308 0.514966 0.436214 0.0194139 0.0126067 0.00758145 0.00427922 0.00239362 0.00116445 0.000673941 0.000706414 
309 0.244943 0.702766 0.0200046 0.0164661 0.00673482 0.00633735 0.00121692 0.000736658 0.000427421 0.000366881 
310 0.234144 0.749145 0.013541 0.00173468 0.000216487 0.00108606 5.3428e-05 3.15229e-05 2.81206e-05 1.97369e-05 
311 0.161464 0.689946 0.0908918 0.0274445 0.00740835 0.0112333 0.00213186 0.00807492 0.000755983 0.000648905 
312 0.150191 0.529695 0.0949664 0.111968 0.0509757 0.0285455 0.0156874 0.00871302 0.00497933 0.00427824 
313 0.540369 0.413727 0.018178 0.0118863 0.00714823 0.00403469 0.00225684 0.00109791 0.000635431 0.000666048 
314 0.153544 0.824409 0.0187834 0.00185001 0.000633878 0.000375174 0.000176798 0.000109634 6.36115e-05 5.46015e-05 
315 0.197801 0.513559 0.0687796 0.134964 0.0370155 0.0223144 0.00951199 0.011939 0.0022394 0.00187584 
316 0.258678 0.577052 0.0579501 0.0424196 0.0276069 0.0159305 0.00978529 0.00549125 0.00276779 0.00231845 
317 0.166457 0.314322 0.143562 0.139405 0.110477 0.0651153 0.0228282 0.0159827 0.0118357 0.0100154 
318 0.519709 0.428923 0.0224018 0.0124186 0.0074683 0.00421535 0.0023579 0.00114707 0.000663883 0.000695871 
319 0.160923 0.665558 0.046911 0.0563774 0.0371236 0.0166109 0.010575 0.003074 0.00154926 0.00129775 
320 0.356628 0.531566 0.049975 0.0287613 0.0146596 0.00885716 0.00417386 0.00258826 0.00150175 0.00128904 
321 0.520306 0.430258 0.0195781 0.0128007 0.00769809 0.00434505 0.00243045 0.00118236 0.00068431 0.000717282 
322 0.20501 0.652613 0.0889902 0.0310509 0.00995073 0.00595846 0.00280787 0.00174119 0.00101027 0.000867173 
323 0.174635 0.734023 0.0535103 0.017607 0.00896537 0.00541678 0.00255261 0.0015829 0.000918425 0.000788339 
324 0.159665 0.564737 0.139467 0.0548412 0.0379239 0.0187287 0.010774 0.00587792 0.00401621 0.00396903 
325 0.12482 0.480331 0.145721 0.0978034 0.0705968 0.0348643 0.0200563 0.010942 0.00747633 0.0073885 
326 0.534625 0.402492 0.0189914 0.0124186 0.00747146 0.0191357 0.00235971 0.00114707 0.000663883 0.000695871 
327 0.113942 0.754107 0.0532949 0.0343832 0.0151951 0.0160734 0.00644121 0.00303697 0.00166682 0.00185971 
328 0.227228 0.635961 0.0491718 0.0385509 0.032005 0.0094817 0.00332114 0.00205948 0.00119494 0.00102569 
329 0.178184 0.4858 0.113333 0.0873049 0.0567155 0.0366044 0.0174195 0.0114002 0.00625698 0.00698107 
330 0.304936 0.581743 0.044001 0.0322421 0.0164365 0.00993076 0.00467978 0.00290199 0.00168378 0.00144529 
331 0.534574 0.406078 0.0180298 0.0254496 0.0073008 0.00397786 0.00222506 0.00108244 0.000626481 0.000656667 
332 0.962691 0.0283366 0.00316803 0.0056015 9.51312e-05 5.72749e-05 1.78808e-05 9.85956e-06 1.77835e-05 4.56085e-06 
333 0.302095 0.508887 0.0923726 0.052319 0.0200901 0.0191139 0.00223816 0.00138791 0.000805285 0.000691225 
334 0.101466 0.47932 0.158311 0.108143 0.0733114 0.0390669 0.0179069 0.0127032 0.00326855 0.00650213 
335 0.149321 0.626469 0.058488 0.0684056 0.0332355 0.021435 0.0102701 0.0232842 0.00500406 0.00408802 
336 0.174695 0.43548 0.130936 0.122186 0.0466733 0.042953 0.0268048 0.00937988 0.00514815 0.00574392 
337 0.15558 0.797303 0.0291755 0.00522373 0.00726563 0.00335327 0.00161453 0.000233296 0.000135359 0.000116186 
338 0.141847 0.532632 0.104696 0.0903235 0.0711688 0.0275447 0.0148158 0.00822896 0.0047027 0.00404056 
339 0.152522 0.634678 0.13616 0.0497146 0.0135062 0.00608225 0.00352587 0.00197863 0.0009973 0.000835392 
340 0.258372 0.572541 0.0659204 0.0567056 0.029706 0.00464851 0.00219054 0.00135857 0.00785554 0.000701133 
341 0.61677 0.341315 0.0202959 0.0114304 0.00166429 0.000946167 0.00232598 0.0049542 0.00014536 0.000152364 
342 0.195626 0.714612 0.0271428 0.0297896 0.0198551 0.0062422 0.00294158 0.00182411 0.00105838 0.000908467 
343 0.193888 0.575192 0.0749491 0.0675854 0.0386915 0.0218125 0.0133983 0.00751879 0.00378974 0.00317449 
344 0.149573 0.510445 0.117602 0.0808857 0.0509707 0.0352825 0.0148295 0.00911855 0.0134297 0.0178632 
345 0.970301 0.0215055 0.00392657 0.00404941 8.09067e-05 7.30281e-05 2.27988e-05 1.25714e-05 2.26747e-05 5.81529e-06 
346 0.157123 0.538758 0.112325 0.0784597 0.0482593 0.0298629 0.0164114 0.00911516 0.00520914 0.00447569 
347 0.226293 0.715689 0.0394532 0.00260016 0.00674118 0.00506781 0.00363094 0.000240175 0.000139 0.000145698 
348 0.127247 0.798273 0.0478637 0.0209201 0.00211575 0.00270168 0.000425824 0.000207152 0.000119893 0.000125669 
349 0.193984 0.588739 0.0678136 0.0540908 0.0491299 0.0203532 0.0124413 0.00698173 0.00351904 0.00294774 
350 0.114293 0.453588 0.149549 0.099556 0.123014 0.0224427 0.0122987 0.00703042 0.0136976 0.00453084 
351 0.178184 0.4853 0.101686 0.0987159 0.0574528 0.0366044 0.0174195 0.0114002 0.00625698 0.00698107 
352 0.162641 0.319008 0.142691 0.139405 0.103224 0.0572552 0.0264657 0.0251973 0.0140973 0.0100154 
353 0.0904038 0.678932 0.138083 0.0415718 0.0319562 0.00874368 0.00480514 0.00266885 0.0015252 0.00131045 
354 0.106754 0.47468 0.113677 0.0833621 0.060479 0.0541821 0.0423185 0.0380525 0.00701836 0.0194767 
355 0.156265 0.428348 0.109754 0.0988285 0.0728687 0.0708272 0.0362092 0.0126921 0.0063393 0.00786876 
356 0.12482 0.478468 0.134445 0.110764 0.0707757 0.0348643 0.0200563 0.010942 0.00747633 0.0073885 
357 0.200206 0.593767 0.0668731 0.0555198 0.0361326 0.0208502 0.0128072 0.00718708 0.00362255 0.00303444 
358 0.51408 0.420786 0.0365819 0.0122474 0.00735847 0.00415336 0.00232322 0.0011302 0.00065412 0.000685637 
359 0.306075 0.572013 0.0536263 0.0317608 0.0161912 0.00978254 0.00460994 0.00285867 0.00165865 0.00142372 
360 0.178185 0.500276 0.0998387 0.0863227 0.0567155 0.0366044 0.0174195 0.0114002 0.00625698 0.00698107 
361 0.534625 0.402492 0.0191347 0.0271768 0.00749209 0.00421535 0.0023579 0.00114707 0.000663883 0.000695871 
362 0.77638 0.172086 0.00743975 0.00305545 0.00207552 0.00196874 0.0216212 0.0145055 0.000678865 0.000189294 
363 0.759329 0.223218 0.00612101 0.00890654 0.00107693 0.000688086 0.00026588 0.000156871 0.00013994 9.82189e-05 
364 0.671832 0.284091 0.0324245 0.00460686 0.0031275 0.00199828 0.000772145 0.000455571 0.0004064 0.000285238 
365 0.519712 0.432018 0.0193029 0.0124186 0.0074683 0.00421535 0.0023579 0.00114707 0.000663883 0.000695871 
366 0.30418 0.575052 0.0313344 0.0513735 0.0165261 0.00945207 0.00580594 0.00325814 0.00164222 0.00137561 
367 0.262265 0.651306 0.0397871 0.0271557 0.0118761 0.00366162 0.00172551 0.00107001 0.000620835 0.0005329 
368 0.609874 0.271516 0.031151 0.0411626 0.0202742 0.00744749 0.00348581 0.00547074 0.00818364 0.00143448 
369 0.172083 0.56776 0.115152 0.0521416 0.0523236 0.0178856 0.0108861 0.00610901 0.00307916 0.00257927 
370 0.183914 0.569338 0.0666958 0.0830849 0.0356614 0.020548 0.0185446 0.0149229 0.00429988 0.00299046 
