2 0.659522 0.280786 0.0191592 0.0113237 0.00979554 0.00553228 0.00463622 0.00327249 0.00270994 0.00326239 
3 0.624921 0.319557 0.0148596 0.00873915 0.0191553 0.00435621 0.00265791 0.00204849 0.00133194 0.0023737 
4 0.738317 0.212204 0.0107961 0.00655656 0.0107407 0.00323241 0.00772775 0.0019091 0.00662932 0.00188794 
5 0.353655 0.592191 0.0249094 0.00817025 0.00706767 0.00399165 0.00334512 0.00236116 0.00195528 0.00235388 
6 0.709101 0.243875 0.0121705 0.00736553 0.00555508 0.00373381 0.00227821 0.00175883 0.0121277 0.00203462 
7 0.574874 0.332789 0.0262109 0.0162274 0.0238618 0.00741988 0.006218 0.00438898 0.00363451 0.00437545 
8 0.765352 0.194039 0.00825073 0.00602528 0.00535309 0.00306603 0.00248701 0.00362168 0.00875948 0.00304531 
9 0.327552 0.441788 0.0744484 0.0569187 0.0322815 0.0205079 0.0167757 0.00958895 0.00781603 0.0123227 
10 0.378018 0.595845 0.0176127 0.00198352 0.00168685 0.000952689 0.000798383 0.000563972 0.00197681 0.000561802 
11 0.318843 0.50363 0.0564607 0.0297497 0.0366858 0.0167215 0.0136758 0.00781708 0.00637176 0.0100457 
12 0.591371 0.400796 0.00216151 0.00150271 0.00133506 0.000764669 0.000620261 0.000477403 0.000362934 0.00060895 
13 0.555534 0.393782 0.0398248 0.00335174 0.00252756 0.00169888 0.00103659 0.000798913 0.000519458 0.000925743 
14 0.859587 0.102618 0.00851709 0.0101078 0.00501899 0.00538704 0.00472896 0.00165426 0.00108019 0.00130039 
15 0.674323 0.264333 0.0153771 0.00971396 0.00732626 0.00541407 0.0169869 0.00233633 0.00150567 0.00268331 
16 0.845939 0.131929 0.00581722 0.00583591 0.00241222 0.00324821 0.000684178 0.000513085 0.00048713 0.00313471 
17 0.80052 0.16768 0.00830564 0.0049736 0.0109902 0.00266994 0.00153568 0.00118357 0.000769567 0.00137147 
18 0.941086 0.0479535 0.00371323 0.00355668 0.00138269 0.000657643 0.000551126 0.000389013 0.000322141 0.000387813 
19 0.368789 0.574775 0.0362343 0.01219 0.00256566 0.00146943 0.00119193 0.000917406 0.000697435 0.00117019 
20 0.329709 0.434589 0.0652105 0.041078 0.0367082 0.0236629 0.0193566 0.0151892 0.0202194 0.0142772 
21 0.207638 0.652737 0.0708954 0.0200531 0.0133448 0.0100244 0.00977126 0.00419663 0.00482996 0.00650938 
22 0.271734 0.698645 0.0119838 0.0049271 0.00426218 0.00240718 0.00201729 0.00142391 0.00117913 0.00141951 
23 0.312591 0.67259 0.00648411 0.00221272 0.00196029 0.00112277 0.000910735 0.000700976 0.0005329 0.000894128 
24 0.536145 0.374537 0.0701492 0.00254862 0.013593 0.00103276 0.000630143 0.000485661 0.00031578 0.000562762 
25 0.361716 0.452315 0.0700824 0.0306926 0.0274257 0.0176792 0.0144618 0.00826634 0.00673796 0.010623 
26 0.265875 0.381264 0.0819888 0.0735442 0.0733104 0.0352536 0.0342723 0.0147195 0.0169409 0.0228314 
27 0.667638 0.269858 0.0158611 0.0110631 0.0179913 0.007939 0.00304878 0.00234974 0.00152782 0.00272277 
28 0.261846 0.40518 0.0807913 0.069257 0.0461181 0.0349915 0.0481259 0.0145032 0.0166918 0.0224957 
29 0.578772 0.40185 0.0129019 0.0020079 0.0015045 0.00101124 0.000617015 0.000475543 0.000309201 0.000551037 
30 0.419253 0.418874 0.0512667 0.0322567 0.0214797 0.0161352 0.0157277 0.00675486 0.00777425 0.0104774 
31 0.496891 0.385722 0.0322245 0.0195591 0.0169196 0.00955576 0.00800802 0.00565248 0.005471 0.0199964 
32 0.682748 0.246611 0.0270964 0.00974108 0.00683124 0.00459158 0.00280158 0.00443232 0.0126216 0.00252478 
33 0.671139 0.264269 0.0311683 0.0103253 0.00777711 0.00522734 0.00318949 0.00245819 0.00159833 0.00284844 
34 0.604031 0.378509 0.013465 0.00120409 0.000893613 0.000511825 0.000415166 0.000319546 0.000242927 0.000407596 
35 0.273917 0.377749 0.0845115 0.0724535 0.0482467 0.0362422 0.0353269 0.01747 0.0272021 0.0268811 
36 0.403457 0.545447 0.0381428 0.00362598 0.00312799 0.00176661 0.00148048 0.001045 0.00086536 0.00104177 
37 0.430286 0.304014 0.0617844 0.0529155 0.0352365 0.0377016 0.027282 0.0182434 0.0153486 0.0171877 
38 0.482686 0.384776 0.0322245 0.023526 0.037261 0.0155504 0.00800802 0.00565248 0.00468081 0.00563504 
39 0.50478 0.438708 0.0197761 0.00843725 0.00729864 0.00412209 0.00345643 0.00897227 0.00201918 0.0024308 
40 0.662158 0.298781 0.0140987 0.00770417 0.00581048 0.00390548 0.00238296 0.00183658 0.00119416 0.00212814 
41 0.480626 0.487961 0.0129701 0.00736268 0.00384678 0.00206105 0.00172722 0.00121916 0.00100959 0.0012154 
42 0.731055 0.216101 0.0131977 0.00837829 0.0063189 0.00424721 0.00259146 0.00199728 0.00130074 0.0148123 
43 0.503554 0.380811 0.0317435 0.0192671 0.016667 0.00941314 0.0078885 0.00556811 0.00936314 0.0157241 
44 0.457567 0.524611 0.0124182 0.00115629 0.000858255 0.000576951 0.0012017 0.00111927 0.000176386 0.000314344 
45 0.376446 0.554519 0.0548137 0.00397567 0.00343597 0.00194055 0.00162624 0.00114789 0.000950564 0.00114435 
46 0.474983 0.451147 0.0270304 0.0107575 0.00930576 0.00525567 0.00440441 0.00310886 0.00257466 0.0114324 
47 0.410052 0.507755 0.0276225 0.0125331 0.02055 0.00612343 0.00513136 0.00362197 0.00299935 0.0036108 
48 0.273917 0.377749 0.0849349 0.087173 0.0484884 0.0362422 0.0353269 0.0151724 0.0174622 0.0235339 
49 0.836963 0.126803 0.0160465 0.0102879 0.00364775 0.00178158 0.00149302 0.00105385 0.000872693 0.0010506 
50 0.45481 0.542818 0.00124899 0.000852659 6.02915e-05 8.91584e-05 4.25119e-05 1.51477e-05 2.57925e-05 3.67266e-05 
51 0.949531 0.0365967 0.00202652 0.00137264 0.00259132 0.00660293 0.000417501 0.000306684 0.000199408 0.000355372 
52 0.273917 0.377749 0.0845115 0.0724535 0.0482467 0.0362422 0.0398818 0.0229898 0.0204744 0.0235339 
53 0.78453 0.205788 0.00460771 0.00156608 0.0011811 0.000793871 0.000484386 0.000373324 0.000242737 0.00043259 
54 0.505325 0.37463 0.0416662 0.0198676 0.0150904 0.011451 0.0159769 0.00679198 0.00417478 0.00502585 
55 0.407867 0.585968 0.00206001 0.00167017 0.00077975 0.000446593 0.000362253 0.00027882 0.000211966 0.000355648 
56 0.870113 0.122303 0.00538268 0.000679493 0.000512169 0.000344252 0.000210047 0.000161887 0.00010526 0.000187587 
57 0.974525 0.0235855 0.00120058 0.000216137 0.000105664 0.000156271 7.45122e-05 2.655e-05 4.52075e-05 6.43721e-05 
58 0.665759 0.267011 0.019891 0.0100039 0.0095522 0.0155994 0.00548428 0.00238481 0.00155062 0.00276341 
59 0.339839 0.428031 0.0642225 0.0404556 0.036152 0.0233044 0.0216187 0.0234909 0.00888365 0.0140031 
60 0.962837 0.0327784 0.00156343 0.00155517 0.000424826 0.000226951 0.000184091 0.000141692 0.000107718 0.000180735 
61 0.973361 0.025389 0.000419273 0.000256315 0.000193313 0.000129934 7.928e-05 6.11023e-05 3.97291e-05 7.08025e-05 
62 0.193247 0.555244 0.0699788 0.0775266 0.0285231 0.0214158 0.020875 0.00896554 0.0103186 0.0139064 
63 0.196723 0.361814 0.103955 0.158483 0.0444862 0.0384399 0.0303294 0.0263975 0.0168662 0.0225055 
64 0.829416 0.128695 0.0231067 0.00653985 0.00410548 0.00231868 0.00194312 0.00137156 0.00113578 0.00136733 
65 0.923857 0.0672195 0.00846145 0.000210808 5.6219e-05 8.31451e-05 3.96447e-05 1.41261e-05 2.40529e-05 3.42496e-05 
66 0.97114 0.0229848 0.00117716 0.00227279 0.00109295 0.000359489 0.000291599 0.000224439 0.000170624 0.000286282 
67 0.707854 0.213026 0.0334715 0.0175432 0.0105966 0.0101371 0.00232941 0.00179531 0.00116732 0.00208032 
68 0.737988 0.252196 0.00515287 0.0024701 0.000151044 0.00181914 7.883e-05 2.80885e-05 4.78272e-05 6.81023e-05 
69 0.671139 0.263823 0.0162433 0.0160164 0.0174517 0.00523265 0.00318949 0.00245819 0.00159833 0.00284844 
70 0.366441 0.472008 0.072668 0.0238672 0.0209301 0.013492 0.0110366 0.00630852 0.00514213 0.00810704 
71 0.63618 0.275012 0.0281474 0.0173939 0.0221362 0.00674475 0.00480482 0.00339149 0.00280849 0.00338103 
72 0.466939 0.446971 0.049239 0.00980036 0.00870815 0.00561346 0.00459189 0.00262471 0.00213942 0.003373 
73 0.409908 0.570307 0.00645828 0.00281623 0.002124 0.00142763 0.00087108 0.000671355 0.00275918 0.00265695 
74 0.666728 0.32467 0.00267357 0.0015705 0.00139529 0.000799165 0.000648242 0.00049894 0.000379307 0.000636422 
75 0.325088 0.441472 0.0873229 0.0386988 0.0345802 0.0222911 0.0182345 0.0104228 0.00849569 0.0133942 
76 0.331253 0.447596 0.0660441 0.041078 0.0367082 0.0236629 0.0193566 0.0110642 0.0090185 0.0142185 
77 0.958947 0.0396233 0.000946423 0.000151771 7.41967e-05 0.000109733 5.23223e-05 1.86433e-05 3.17446e-05 4.52019e-05 
78 0.273917 0.377749 0.0845115 0.0783403 0.0562004 0.0377862 0.0353269 0.0151724 0.0174622 0.0235339 
79 0.168959 0.362796 0.101616 0.109435 0.0910753 0.0549982 0.0345318 0.0277038 0.0166551 0.0322306 
80 0.974939 0.0222016 0.000969625 0.000583344 0.000439958 0.000295715 0.000180433 0.000139062 9.04191e-05 0.000161139 
81 0.401202 0.476268 0.0684439 0.0220124 0.0107933 0.00606423 0.00508202 0.00358715 0.00297051 0.00357608 
82 0.425659 0.543501 0.0181395 0.0039197 0.00295621 0.001987 0.00121238 0.000934401 0.000607553 0.00108274 
83 0.211011 0.397736 0.104335 0.0847111 0.0712655 0.0433515 0.0272192 0.0218371 0.0131282 0.0254053 
84 0.476651 0.405135 0.0343228 0.0192671 0.016667 0.00955667 0.0226703 0.00556812 0.00461095 0.00555094 
85 0.426745 0.512999 0.0189993 0.0115259 0.00997046 0.00563107 0.00471901 0.00333092 0.00275833 0.00332065 
86 0.319867 0.450932 0.0637985 0.0398518 0.0356124 0.0229566 0.0187788 0.0108886 0.0235101 0.0138039 
87 0.987546 0.00945446 0.00140146 0.000900548 0.000249882 0.000152709 9.31761e-05 7.18123e-05 4.66928e-05 8.32127e-05 
88 0.50551 0.486267 0.00541955 0.000781627 0.00064735 0.000370776 0.000300754 0.000231485 0.000175981 0.00029527 
89 0.656247 0.296288 0.0155287 0.00985681 0.007434 0.00499672 0.00304878 0.00234974 0.00152782 0.00272277 
90 0.245383 0.752061 0.000933208 0.000500944 0.000377812 0.000253944 0.000154945 0.000119419 7.76469e-05 0.000138377 
91 0.215793 0.37778 0.101672 0.116663 0.0516849 0.0389738 0.0307507 0.0267642 0.0171004 0.0228181 
92 0.469121 0.451471 0.0317685 0.0133117 0.0115123 0.00650186 0.00544876 0.00384602 0.00318488 0.00383415 
93 0.288607 0.586249 0.0396981 0.0249218 0.0165928 0.0124642 0.0121495 0.00521804 0.00600551 0.00809368 
94 0.661255 0.328359 0.00412749 0.00193159 0.00145681 0.000979184 0.000597456 0.000460468 0.000299399 0.000533569 
95 0.614398 0.376532 0.00358291 0.0014539 0.0012917 0.000739831 0.000600113 0.000461896 0.000351145 0.00058917 
96 0.351909 0.448907 0.0552629 0.0346763 0.0406818 0.0232678 0.01634 0.00933989 0.00761302 0.0120026 
97 0.660971 0.320929 0.00886132 0.00244781 0.00217469 0.00124557 0.00101035 0.000777645 0.000591186 0.000991923 
98 0.51182 0.457992 0.0199063 0.00408744 0.00371131 0.000847327 0.000517 0.00039846 0.000259081 0.000461717 
99 0.363639 0.596332 0.0163156 0.0105522 0.0044138 0.00249281 0.00208905 0.00147456 0.00122108 0.00147001 
100 0.200168 0.410623 0.114122 0.0998107 0.0437769 0.042978 0.0292476 0.0237904 0.0152004 0.0202827 
101 0.158974 0.373758 0.115767 0.0870768 0.0931932 0.0566904 0.0355943 0.0285563 0.0171676 0.0332223 
102 0.460532 0.490216 0.0234267 0.00722271 0.0062385 0.00352335 0.00295268 0.00208415 0.00172588 0.00207773 
103 0.329709 0.44555 0.0696343 0.041078 0.0367082 0.0236629 0.0193566 0.0110642 0.0090185 0.0142185 
104 0.41716 0.540811 0.0277827 0.00449624 0.00328254 0.00220634 0.00134621 0.00103755 0.00067462 0.00120226 
105 0.273917 0.378081 0.0995527 0.0724652 0.0482467 0.0362422 0.0353269 0.0151724 0.0174622 0.0235339 
106 0.273917 0.377749 0.0845142 0.0875035 0.0485786 0.0362422 0.0353269 0.0151724 0.0174622 0.0235339 
107 0.672218 0.318133 0.00563429 0.00123916 0.000934403 0.000628054 0.000383211 0.000295347 0.000192036 0.000342234 
108 0.263763 0.3532 0.118534 0.0766141 0.0498324 0.0449705 0.0345265 0.0235092 0.015015 0.0200354 
109 0.478086 0.431818 0.0284861 0.017212 0.0148892 0.00840907 0.00704706 0.00497418 0.00411911 0.00495884 
110 0.345825 0.640863 0.00883681 0.00138603 0.00104015 0.00069913 0.000426579 0.000328771 0.000213769 0.000380964 
111 0.319873 0.450514 0.0642113 0.0398518 0.0356124 0.0229566 0.0187788 0.0108702 0.0235015 0.0138308 
112 0.119266 0.124215 0.0997573 0.305251 0.0967764 0.0751951 0.0881928 0.0126382 0.0435743 0.0351344 
113 0.239128 0.432604 0.0763146 0.0619668 0.0477401 0.0508124 0.0302373 0.0129764 0.0152464 0.0329739 
114 0.131769 0.278391 0.16123 0.142061 0.0831965 0.0677615 0.0521524 0.0264595 0.024747 0.0322329 
115 0.507184 0.47953 0.0070285 0.00165775 0.00147281 0.000843564 0.000684256 0.000526659 0.00040038 0.000671779 
116 0.195383 0.357964 0.0959541 0.0832349 0.0890818 0.0548859 0.0480043 0.0273255 0.0164102 0.0317566 
117 0.490112 0.390695 0.0327203 0.01986 0.0171799 0.0106325 0.0224498 0.00587578 0.00475282 0.00572174 
118 0.246836 0.425756 0.130453 0.0574553 0.0382443 0.0287286 0.028003 0.0120269 0.013842 0.0186549 
119 0.273917 0.377749 0.0845115 0.0724535 0.0502518 0.0486219 0.0363267 0.0151724 0.0174622 0.0235339 
120 0.462445 0.447588 0.0283578 0.017212 0.0148892 0.00840907 0.00704706 0.00497418 0.00411911 0.00495884 
121 0.608042 0.325605 0.0107598 0.0163733 0.03008 0.00312076 0.00190199 0.00146589 0.000953133 0.00169861 
122 0.487311 0.481656 0.0177149 0.00372132 0.00321813 0.00181752 0.00152314 0.00107511 0.000890298 0.0010718 
123 0.051996 0.195221 0.232021 0.070016 0.208208 0.0386393 0.111528 0.00810528 0.0631485 0.0211166 
124 0.447648 0.444038 0.0302493 0.0179292 0.0165209 0.0216249 0.00735285 0.00518144 0.00429074 0.00516546 
125 0.300633 0.371013 0.0934387 0.0645188 0.0429594 0.0322704 0.0319551 0.0247876 0.0174696 0.0209549 
126 0.838052 0.141001 0.00538656 0.00412256 0.00366264 0.00209781 0.00170164 0.00130972 0.000995681 0.00167061 
127 0.399117 0.525029 0.0286213 0.0125954 0.0160398 0.0052999 0.00444143 0.00313499 0.00259608 0.00312532 
128 0.434949 0.470746 0.0395531 0.0162288 0.0227151 0.00450502 0.00377521 0.00266474 0.00220667 0.00265652 
129 0.273917 0.377749 0.084539 0.0848486 0.0512086 0.0362422 0.0353269 0.0151724 0.0174622 0.0235339 
130 0.534567 0.385937 0.0224212 0.0143886 0.0169022 0.0121364 0.00456244 0.00321606 0.00266322 0.00320614 
131 0.62087 0.374386 0.00163384 0.000868707 0.000751475 0.000424415 0.000355673 0.000251052 0.000207896 0.000250278 
132 0.66603 0.270873 0.0157584 0.0100039 0.00754496 0.0050713 0.00309428 0.00238481 0.00155155 0.0176879 
133 0.740316 0.233792 0.0126503 0.00408699 0.00308239 0.00207181 0.00126413 0.000974283 0.000633485 0.00112895 
134 0.50099 0.489591 0.00485666 0.00140812 0.001062 0.000713817 0.00043554 0.000335678 0.00021826 0.000388968 
135 0.265219 0.600379 0.0574456 0.0189442 0.0164621 0.0161116 0.0100629 0.0049598 0.00404277 0.00637381 
136 0.366457 0.435987 0.0774606 0.0318589 0.0284052 0.0183106 0.0149783 0.00856157 0.0069786 0.0110024 
137 0.406434 0.573011 0.00650964 0.0039237 0.0033942 0.00191696 0.00160647 0.00113393 0.000939007 0.00113043 
138 0.222161 0.616003 0.055954 0.0324674 0.0182385 0.0157647 0.0124385 0.010826 0.00691703 0.00922979 
139 0.240747 0.619073 0.0404979 0.029071 0.0193582 0.0145416 0.0141744 0.00608771 0.00700642 0.00944262 
140 0.218893 0.378146 0.115296 0.0866226 0.0499455 0.043171 0.0340623 0.0296465 0.018942 0.0252754 
141 0.332531 0.446549 0.0658125 0.041078 0.0367082 0.0236629 0.0193566 0.0110642 0.0090185 0.0142185 
142 0.542246 0.416308 0.0247531 0.0035278 0.00792365 0.0017883 0.00109114 0.000840961 0.000546798 0.000974466 
143 0.119266 0.124215 0.0998411 0.320356 0.0969716 0.0733852 0.0771583 0.0100981 0.0435743 0.0351344 
144 0.363082 0.405295 0.0638183 0.0370843 0.0331394 0.026152 0.0397017 0.0107496 0.0081417 0.0128361 
145 0.319896 0.436512 0.0632641 0.0398518 0.0356124 0.0229566 0.0187788 0.0112633 0.0371383 0.0147263 
146 0.200398 0.373873 0.0944501 0.0908792 0.0984673 0.0431263 0.0311838 0.0271411 0.0173413 0.0231395 
147 0.484145 0.406428 0.0266682 0.0161362 0.0139586 0.0078835 0.00660662 0.00586965 0.0276553 0.00464892 
148 0.338724 0.429145 0.0642225 0.0404556 0.0386737 0.0358992 0.0190984 0.0108965 0.00888185 0.0140031 
149 0.394161 0.570619 0.0112782 0.00668859 0.00578597 0.00326777 0.00273849 0.00193297 0.00160069 0.00192701 
150 0.624114 0.329313 0.01172 0.00736553 0.00555508 0.0037362 0.0132081 0.00181254 0.00114167 0.0020346 
151 0.181272 0.322525 0.120319 0.0987636 0.0913608 0.0432514 0.0628154 0.0266492 0.0223143 0.0307287 
152 0.181271 0.310486 0.120367 0.11039 0.0917277 0.0432514 0.0628154 0.0266492 0.0223143 0.0307287 
153 0.239799 0.714928 0.0422012 0.000986955 0.0007021 0.000471912 0.00028794 0.00022192 0.000144294 0.000257151 
154 0.354803 0.596054 0.0281939 0.0058822 0.0050529 0.00285376 0.00239154 0.00168807 0.00139789 0.00168286 
155 0.352196 0.460189 0.0487418 0.0306905 0.0274257 0.0176792 0.0144618 0.00826669 0.029726 0.0106231 
156 0.393059 0.591342 0.0104156 0.00159972 0.00120647 0.000810924 0.00049479 0.000381343 0.000247951 0.000441882 
157 0.618569 0.367542 0.0110456 0.000950608 0.000637468 0.00042847 0.000261434 0.000201491 0.000131011 0.000233479 
158 0.238259 0.383497 0.0931853 0.0757841 0.0452997 0.0665356 0.0307567 0.0267642 0.0171004 0.0228181 
159 0.376682 0.507597 0.0421302 0.0194896 0.0174163 0.0112269 0.00918377 0.00524943 0.00427885 0.006746 
160 0.391539 0.505209 0.0276315 0.0113426 0.0272808 0.0143416 0.00464527 0.0120309 0.00271743 0.00326239 
161 0.358963 0.586772 0.0163634 0.0100379 0.00897005 0.00578229 0.00472999 0.00270365 0.00220377 0.00347444 
162 0.242377 0.480376 0.115728 0.0471288 0.0313603 0.0235574 0.0229625 0.00986209 0.0113504 0.0152971 
163 0.960981 0.0344563 0.00152158 0.000938743 0.000708 0.000475878 0.00029036 0.000223785 0.000145506 0.000259312 
164 0.554896 0.369883 0.031987 0.017618 0.00859175 0.00485139 0.00406561 0.00286972 0.00237641 0.00286087 
165 0.455104 0.362789 0.0303901 0.0327201 0.0159527 0.0149748 0.0158605 0.00534002 0.00501474 0.0618544 
166 0.420106 0.474548 0.0728155 0.00956589 0.00770132 0.00434952 0.00364503 0.00257285 0.00213058 0.00256492 
167 0.694807 0.250171 0.0190404 0.00777025 0.00941006 0.0102016 0.00287249 0.00202752 0.00167899 0.00202127 
168 0.847418 0.130238 0.00830613 0.00400771 0.00336353 0.00189964 0.00159196 0.00112368 0.000930522 0.00112022 
169 0.343112 0.562637 0.0563764 0.0105813 0.00915321 0.00516951 0.00433221 0.0030579 0.00253224 0.00304847 
170 0.461204 0.448677 0.036298 0.015102 0.0129848 0.00733349 0.00614569 0.00433795 0.00359225 0.00432457 
171 0.448405 0.446046 0.0547813 0.0187495 0.0107382 0.00606423 0.00508202 0.00358715 0.00297051 0.00357608 
172 0.310258 0.534987 0.0429013 0.0369857 0.0241014 0.0155363 0.0127089 0.00726436 0.00592124 0.00933537 
173 0.59564 0.355796 0.00868464 0.0127694 0.0179803 0.00404347 0.00160711 0.00123862 0.000805361 0.00143526 
174 0.526406 0.339262 0.0558751 0.025419 0.0172584 0.0102554 0.00985513 0.00423266 0.00487142 0.00656526 
175 0.986035 0.0118976 0.00100758 0.000348537 0.000239352 0.000160879 9.81615e-05 7.56546e-05 4.91911e-05 8.76651e-05 
176 0.829156 0.162731 0.00530423 0.000744277 0.000661189 0.000378702 0.000307183 0.000236433 0.000179743 0.000301582 
177 0.551419 0.352271 0.0406599 0.012845 0.0191433 0.00799484 0.00523297 0.0036937 0.00305875 0.00368231 
178 0.749697 0.169994 0.0283816 0.0172834 0.0233174 0.003551 0.00233017 0.00179349 0.00136345 0.00228768 
179 0.678484 0.27171 0.0173934 0.0100039 0.00754496 0.0050713 0.00309428 0.00238481 0.00155062 0.00276341 
180 0.509539 0.376527 0.0312767 0.0189838 0.0164219 0.00927471 0.0078344 0.0177503 0.00692305 0.00546931 
181 0.51776 0.395956 0.0408884 0.0127514 0.010948 0.00618314 0.00518166 0.00365748 0.00302876 0.0036462 
182 0.324713 0.428004 0.0642271 0.0553199 0.0364346 0.0233044 0.0190633 0.0108965 0.00923118 0.0288052 
183 0.450903 0.430764 0.0443683 0.021137 0.0225642 0.00944225 0.00695434 0.00490873 0.00406491 0.00489359 
184 0.633368 0.323475 0.0142014 0.00893684 0.00674016 0.00453036 0.00276423 0.00213043 0.00138522 0.00246865 
185 0.533201 0.357679 0.0299552 0.0181817 0.0157281 0.00888282 0.00744408 0.00525441 0.00443739 0.0192365 
186 0.303752 0.496604 0.0713458 0.0344767 0.030203 0.0194695 0.0159263 0.00910344 0.00742028 0.0116988 
187 0.287358 0.57632 0.0323553 0.0273176 0.02527 0.0119631 0.0173745 0.00737106 0.00617205 0.00849944 
188 0.473737 0.513354 0.00837568 0.00139931 0.00105535 0.000709346 0.000432812 0.000333575 0.000216893 0.000386531 
189 0.45221 0.512732 0.0167759 0.00430756 0.00841061 0.00189822 0.0011582 0.00089264 0.0005804 0.00103435 
190 0.173241 0.424091 0.0929597 0.0735062 0.0801441 0.0578517 0.0315635 0.0241059 0.0144921 0.0280448 
191 0.813598 0.1455 0.0261878 0.00337932 0.00292328 0.001654 0.00399811 0.000976878 0.000808726 0.000973593 
192 0.759672 0.199882 0.00777434 0.00608378 0.00560553 0.0126021 0.00251311 0.00193279 0.00146935 0.00246536 
193 0.112054 0.257693 0.140717 0.155109 0.111012 0.0778541 0.0559871 0.028405 0.0265666 0.034603 
194 0.297654 0.475639 0.0589643 0.0509107 0.0331396 0.0352511 0.0174747 0.00998849 0.0081417 0.0128361 
195 0.663882 0.320113 0.00417972 0.00313315 0.00278361 0.00159433 0.00129324 0.000995385 0.000756717 0.00126966 
196 0.975563 0.0169923 0.00657814 0.000290063 0.000128853 0.000190568 9.08651e-05 3.23768e-05 5.5129e-05 7.84996e-05 
197 0.933801 0.0635486 0.00159972 0.000329622 0.000161143 0.000238323 0.000113636 4.04903e-05 6.89442e-05 9.81714e-05 
198 0.334642 0.419215 0.116833 0.0444508 0.0210843 0.0182215 0.0143769 0.0125131 0.00799501 0.0106682 
199 0.487895 0.449367 0.0486499 0.00350885 0.00788697 0.000918802 0.000560316 0.000431845 0.000280788 0.000500402 
200 0.24972 0.377311 0.0918149 0.080501 0.0660877 0.0384665 0.0303294 0.0263975 0.0168662 0.0225055 
201 0.694236 0.241758 0.0276175 0.00964076 0.00856494 0.00490565 0.00397921 0.00306273 0.00232836 0.00390665 
202 0.221482 0.636786 0.0376637 0.0306542 0.0182385 0.0157647 0.0124385 0.010826 0.00691703 0.00922979 
203 0.299031 0.650116 0.01611 0.00970601 0.00839618 0.00474196 0.00397391 0.00280499 0.00232281 0.00279634 
204 0.454746 0.452902 0.0277462 0.0263233 0.0128444 0.0072492 0.00607505 0.00428809 0.00355096 0.00427486 
205 0.478144 0.394523 0.0611253 0.018638 0.0159527 0.00900972 0.00755042 0.00532948 0.00441333 0.00531304 
206 0.579463 0.372142 0.0247882 0.00728684 0.0054947 0.00369323 0.00225345 0.00173677 0.00112926 0.00201248 
207 0.698869 0.238095 0.0263242 0.0103696 0.00843517 0.00483132 0.00391892 0.00301632 0.00229308 0.00384746 
208 0.146571 0.376502 0.119646 0.115191 0.0853292 0.0518997 0.0325863 0.026143 0.0157168 0.0304148 
209 0.59564 0.397107 0.00214405 0.00200382 0.00156467 0.000415736 0.000337221 0.000259553 0.000197319 0.000331072 
210 0.397189 0.477835 0.0208515 0.0714793 0.010948 0.00618314 0.00518166 0.00365748 0.00302876 0.0036462 
211 0.934263 0.0612535 0.00177246 0.000836783 0.000631101 0.000424191 0.000258823 0.000199479 0.000129702 0.000231147 
212 0.284918 0.372026 0.0864515 0.0832867 0.0475156 0.035693 0.0347916 0.0149426 0.0171976 0.0231773 
213 0.416508 0.563202 0.0100527 0.0064821 0.00226022 0.000510176 0.000311287 0.000239914 0.000155993 0.000278001 
214 0.158974 0.387154 0.102371 0.0870765 0.0931932 0.0566904 0.0355943 0.0285563 0.0171676 0.0332223 
215 0.417549 0.374292 0.0774313 0.0340447 0.0369261 0.0169715 0.0165198 0.00709503 0.00816576 0.0110051 
216 0.880517 0.102271 0.00701663 0.00314678 0.0023733 0.0015952 0.00097332 0.000750153 0.000487754 0.000869242 
217 0.218893 0.392971 0.103148 0.0839455 0.0499455 0.043171 0.0340623 0.0296465 0.018942 0.0252754 
218 0.273917 0.378266 0.0935165 0.0783162 0.0482467 0.0362422 0.0353269 0.0151724 0.0174622 0.0235339 
219 0.566914 0.414053 0.00545709 0.00553014 0.00270023 0.00152338 0.00127664 0.000901119 0.000746216 0.00089834 
220 0.841326 0.132085 0.00661691 0.0109061 0.0042255 0.00165543 0.00100639 0.000775643 0.000504328 0.000898779 
221 0.569635 0.376777 0.0251982 0.0100938 0.00613567 0.00346528 0.00290401 0.0020498 0.00169744 0.00204348 
222 0.320675 0.47395 0.0613478 0.0381439 0.0340862 0.0219727 0.017974 0.0102739 0.00837432 0.0132029 
223 0.482686 0.386337 0.0607762 0.0197495 0.0169196 0.00955576 0.00800802 0.00565248 0.00468081 0.00563504 
224 0.947488 0.0249406 0.0188461 0.00120976 0.00315766 0.000588561 0.00346097 6.16717e-05 0.000101717 0.000144837 
225 0.479908 0.378717 0.0606966 0.0237078 0.0278509 0.00829843 0.00695434 0.00490873 0.00406491 0.00489359 
226 0.674188 0.253363 0.0107322 0.00943893 0.0320627 0.0133901 0.00233698 0.00159783 0.00103892 0.00185149 
227 0.734388 0.221756 0.0190684 0.00883561 0.00556222 0.00296094 0.00248136 0.00175147 0.00145039 0.00174607 
228 0.280666 0.366473 0.0867206 0.0949938 0.0472223 0.0351603 0.0342723 0.0147195 0.0169409 0.0228314 
229 0.482686 0.384776 0.0327393 0.0493106 0.0169562 0.00955576 0.00800802 0.00565248 0.00468081 0.00563504 
230 0.490112 0.390695 0.0327203 0.0262812 0.0261134 0.00973263 0.00813122 0.00573944 0.00475282 0.00572174 
231 0.824749 0.145243 0.00710881 0.00999399 0.00697299 0.00222443 0.00117128 0.000902726 0.000586958 0.00104604 
232 0.490112 0.390695 0.033075 0.0347129 0.0173568 0.00970277 0.00813122 0.00573944 0.00475282 0.00572174 
233 0.821154 0.0996679 0.0736132 0.00300576 0.000572196 0.000846249 0.000403503 0.000143775 0.00024481 0.000348592 
234 0.205711 0.301218 0.113483 0.0958155 0.0888191 0.0566888 0.0609517 0.0258537 0.0216482 0.0298115 
235 0.694236 0.241758 0.0122334 0.00997749 0.0226604 0.00585776 0.00397921 0.00306273 0.00232836 0.00390665 
236 0.703363 0.234542 0.0118682 0.00951013 0.0206655 0.00717086 0.00386043 0.0029713 0.00225886 0.00379003 
237 0.393927 0.531583 0.0188538 0.0108519 0.0228736 0.00861294 0.00444143 0.00313499 0.00259608 0.00312532 
238 0.749235 0.143049 0.0375121 0.0198368 0.0179633 0.00426668 0.00801386 0.00278427 0.00842216 0.00891649 
239 0.863018 0.0816016 0.0154232 0.0101402 0.00353411 0.00175048 0.00836616 0.00358266 0.000341953 0.0122419 
240 0.156565 0.368095 0.0988618 0.0898813 0.102124 0.0703628 0.03636 0.0281236 0.0169075 0.0327189 
241 0.650826 0.274494 0.0150841 0.00957519 0.00722161 0.0334252 0.00296187 0.00228261 0.00148416 0.00264498 
242 0.490342 0.393699 0.0320681 0.0192671 0.016667 0.00941314 0.0078885 0.00588295 0.0183729 0.00639949 
243 0.370076 0.354268 0.0977932 0.072122 0.0469793 0.0195732 0.0141368 0.00808058 0.00658654 0.0103843 
244 0.513075 0.299571 0.0684326 0.0317884 0.0271719 0.022637 0.018081 0.0074436 0.00457971 0.00722033 
245 0.644293 0.339599 0.0116602 0.00139004 0.00102956 0.00069201 0.000422234 0.000325423 0.000211592 0.000377085 
246 0.557709 0.320953 0.0341012 0.0270183 0.0338715 0.00750835 0.00629202 0.00444123 0.00367778 0.00442753 
247 0.365037 0.457997 0.0461832 0.0566561 0.0238681 0.0153809 0.0125818 0.00719171 0.00586202 0.00924202 
248 0.0205725 0.063942 0.220573 0.0568955 0.225656 0.0309344 0.26265 0.0117813 0.011343 0.0956527 
249 0.321528 0.424485 0.0730461 0.0740483 0.0370894 0.0213623 0.0174747 0.00998849 0.0081417 0.0128361 
250 0.239562 0.703354 0.0425471 0.00406508 0.00351161 0.00198327 0.00166204 0.00117316 0.000971489 0.00116954 
251 0.378295 0.608783 0.00511014 0.00241102 0.00181839 0.00122222 0.000745745 0.000574757 0.000373711 0.000666002 
252 0.273917 0.377749 0.0904354 0.0803881 0.0497727 0.0362422 0.0353269 0.0151724 0.0174622 0.0235339 
253 0.945812 0.0497219 0.00291679 0.000486308 0.000237743 0.000351611 0.000167653 5.97374e-05 0.000101717 0.000144837 
254 0.414475 0.561764 0.00405336 0.0117896 0.00340749 0.00121705 0.000987209 0.000759836 0.000577647 0.000969207 
255 0.421351 0.443594 0.027297 0.0195659 0.0210607 0.0098518 0.00660662 0.00592947 0.0394058 0.00533864 
256 0.957968 0.024434 0.0131734 0.00387497 0.000280098 0.000114647 5.46651e-05 1.94781e-05 3.3166e-05 4.72259e-05 
257 0.947639 0.0437653 0.00145999 0.00422781 0.00158513 0.000446086 0.000262587 0.000202108 0.000153648 0.000257799 
258 0.30409 0.662355 0.0207804 0.00293531 0.00479628 0.00144696 0.0012012 0.000847871 0.000702121 0.000845256 
259 0.964881 0.0278857 0.006452 9.31002e-05 0.000244211 0.000367532 3.07676e-05 8.97165e-06 1.52763e-05 2.17524e-05 
260 0.428531 0.556147 0.00681391 0.00225407 0.00200259 0.001147 0.000930391 0.000716105 0.000544401 0.000913426 
261 0.438224 0.537416 0.0140922 0.00286869 0.00248154 0.00140151 0.00117451 0.00082903 0.000686519 0.000826473 
262 0.118493 0.349277 0.136174 0.13127 0.0768778 0.062615 0.0481914 0.0244499 0.0228674 0.0297849 
263 0.443577 0.514663 0.0184208 0.00652164 0.00563986 0.00318525 0.00266934 0.00188416 0.00156027 0.00187835 
264 0.0497021 0.199456 0.22398 0.0912752 0.189116 0.0368624 0.106607 0.00804856 0.0746245 0.0203281 
265 0.419568 0.514688 0.055433 0.00332702 0.00235122 0.00158036 0.000964265 0.000743175 0.000483216 0.000861156 
266 0.458974 0.438113 0.0367868 0.0169181 0.0231692 0.00742209 0.006218 0.00438898 0.00363451 0.00437545 
267 0.868811 0.103458 0.00821503 0.00252929 0.00190759 0.00128218 0.00568955 0.00447489 0.0029291 0.000703208 
268 0.648884 0.294522 0.0467366 0.00787688 0.000666912 0.000448254 0.000273505 0.000210795 0.00013706 0.000244259 
269 0.190166 0.379878 0.0940757 0.0812889 0.0954026 0.0543283 0.0325863 0.026143 0.0157168 0.0304148 
270 0.338962 0.424507 0.0614302 0.0416489 0.0507894 0.0321152 0.0182344 0.0104228 0.00849569 0.0133942 
271 0.243492 0.636725 0.0470423 0.0212142 0.0141263 0.0106114 0.0103435 0.00444238 0.0051128 0.00689056 
272 0.386842 0.565654 0.0295922 0.0110243 0.00231886 0.00155861 0.000950996 0.000732948 0.000476567 0.000849305 
273 0.543818 0.350052 0.0291345 0.0176835 0.0152971 0.00863945 0.00724013 0.00511046 0.0122303 0.0107949 
274 0.482686 0.384776 0.0449499 0.0371324 0.0169238 0.00955576 0.00800802 0.00565248 0.00468081 0.00563504 
275 0.651214 0.320546 0.00967885 0.00572874 0.00432062 0.00290408 0.00177194 0.00136566 0.000887962 0.00158247 
276 0.958916 0.0376984 0.00199302 0.000437062 0.000213668 0.000316005 0.000150675 5.36881e-05 9.14165e-05 0.00013017 
277 0.165549 0.468627 0.0863474 0.0706394 0.0761452 0.0309014 0.0448681 0.0190352 0.0159388 0.0219491 
278 0.315193 0.663039 0.00467127 0.00684483 0.00207217 0.00139253 0.000870153 0.0047327 0.000425802 0.000758805 
279 0.335175 0.389825 0.103787 0.0444297 0.0295852 0.023104 0.0393361 0.00961837 0.0107079 0.0144312 
280 0.738283 0.228057 0.0184398 0.005477 0.00327178 0.00184409 0.00154541 0.00109083 0.000903314 0.00108746 
281 0.880884 0.0654351 0.00553835 0.00122223 0.000994979 0.0446919 0.000463421 0.000150137 0.000255643 0.000364016 
282 0.431547 0.534264 0.019901 0.00440982 0.00332574 0.00223537 0.00136393 0.0010512 0.000683497 0.00121808 
283 0.553602 0.423034 0.0121934 0.00333919 0.00250775 0.00143634 0.00116508 0.000896744 0.000681727 0.00114384 
284 0.355735 0.477113 0.0730146 0.0261386 0.0218902 0.0141109 0.0115429 0.0065979 0.005378 0.00847892 
285 0.416883 0.503307 0.0241596 0.0130633 0.0205507 0.00636889 0.00523297 0.0036937 0.00305875 0.00368231 
286 0.573333 0.368195 0.028019 0.00854636 0.00734666 0.00414921 0.00347717 0.00245436 0.00203246 0.0024468 
287 0.294039 0.498712 0.0685722 0.0385163 0.0322437 0.020785 0.0170024 0.00971853 0.00792165 0.0124892 
288 0.406554 0.478098 0.0640064 0.0143436 0.0124077 0.00700756 0.00587255 0.00414515 0.00343259 0.00413236 
289 0.85749 0.117498 0.00778258 0.00378056 0.00271781 0.00182676 0.00131653 0.00603331 0.000558716 0.000995422 
290 0.269767 0.372026 0.083231 0.0852289 0.0634155 0.036223 0.0347916 0.0149426 0.0171976 0.0231773 
291 0.25472 0.434676 0.0799115 0.0672783 0.0448005 0.0336535 0.0328035 0.0140887 0.0162149 0.0218529 
292 0.344136 0.424125 0.0874305 0.0384245 0.0340862 0.0219727 0.017974 0.0102739 0.00837432 0.0132029 
293 0.26714 0.391634 0.0840423 0.0675751 0.06251 0.029593 0.0429789 0.0182337 0.0152677 0.0210249 
294 0.300297 0.390499 0.0785117 0.0672783 0.0448005 0.0336535 0.0328035 0.0140887 0.0162149 0.0218529 
295 0.111546 0.281824 0.138681 0.150295 0.0880287 0.0861715 0.0551775 0.0279934 0.0261816 0.0341015 
296 0.517171 0.332009 0.0432292 0.025923 0.0231654 0.0149329 0.0122153 0.00698225 0.00727198 0.0171009 
297 0.19381 0.766411 0.0078857 0.0172649 0.00377273 0.00213111 0.00516352 0.00126035 0.00104369 0.00125646 
298 0.248204 0.46209 0.0806723 0.0670622 0.0414735 0.0321387 0.0263936 0.0113357 0.0130464 0.0175828 
299 0.729895 0.179639 0.0113652 0.0299493 0.0233627 0.0193073 0.00208101 0.0015665 0.00101854 0.00181518 
300 0.517223 0.451011 0.0157976 0.00492845 0.003717 0.00249836 0.00152439 0.00117487 0.000763908 0.00136139 
301 0.774063 0.178717 0.0113528 0.0142987 0.00436294 0.00292911 0.00178722 0.00138611 0.00950757 0.00159616 
302 0.300145 0.648393 0.0270673 0.00649206 0.00576337 0.00371519 0.00303908 0.00173713 0.00141595 0.00223237 
303 0.286992 0.355882 0.0830545 0.0793108 0.0570514 0.0370253 0.034421 0.0276436 0.0164499 0.0221696 
304 0.496576 0.37496 0.0445253 0.020265 0.0164219 0.00927471 0.0145884 0.0128682 0.00505112 0.00546931 
305 0.329111 0.49402 0.0455806 0.0382884 0.0254962 0.0191524 0.0186687 0.00801796 0.00922797 0.0124366 
306 0.52867 0.35141 0.0361134 0.0163468 0.0268792 0.0205496 0.00669032 0.00472232 0.00391055 0.00470776 
307 0.327066 0.608184 0.0244366 0.0101638 0.0118721 0.00559496 0.00457519 0.00261517 0.00213165 0.00336074 
308 0.269767 0.372026 0.083231 0.0713559 0.062667 0.0356931 0.0348475 0.0299585 0.0172773 0.0231773 
309 0.837864 0.117085 0.0078724 0.00403773 0.00304525 0.00698 0.0132556 0.00209502 0.000629249 0.00713559 
310 0.5026 0.424294 0.0312703 0.0261017 0.0053438 0.00296094 0.00248136 0.00175147 0.00145039 0.00174607 
311 0.482686 0.395389 0.0367632 0.0195591 0.0212444 0.0203743 0.00801615 0.00565248 0.00468081 0.00563504 
312 0.774661 0.185067 0.0100652 0.00638346 0.0048144 0.00323597 0.00219111 0.0106269 0.00119145 0.00176332 
313 0.359147 0.451554 0.0508295 0.0390794 0.0297318 0.0199053 0.0157025 0.0136668 0.00873214 0.0116518 
314 0.436951 0.522762 0.0141816 0.00729321 0.00630899 0.00356316 0.00298604 0.0021077 0.00174539 0.0021012 
315 0.475394 0.409748 0.0356932 0.0181817 0.0157281 0.00918564 0.0212249 0.00525528 0.00435117 0.00523821 
316 0.231342 0.349667 0.0876911 0.0754663 0.0822329 0.0650421 0.0401075 0.0247806 0.0148786 0.0287927 
317 0.289379 0.69656 0.00823843 0.00179697 0.00135526 0.00091093 0.00055581 0.000428371 0.00027853 0.000496377 
318 0.470516 0.419913 0.0490468 0.0146091 0.0223716 0.00670941 0.00562266 0.00396876 0.00328653 0.00395652 
319 0.158974 0.373758 0.100383 0.0907391 0.104379 0.0572267 0.0355943 0.0285562 0.0171676 0.0332223 
320 0.326822 0.456699 0.066002 0.0398518 0.0356124 0.0229566 0.0187788 0.0107339 0.00874929 0.0137941 
321 0.156565 0.368095 0.0988618 0.100434 0.107053 0.0561855 0.035055 0.0281236 0.0169075 0.0327189 
322 0.285798 0.385064 0.138561 0.0523668 0.0348448 0.026175 0.0366234 0.0109594 0.0126116 0.0169967 
323 0.252527 0.497594 0.155944 0.0253068 0.0220929 0.0142416 0.0116498 0.006659 0.0054278 0.00855743 
324 0.696577 0.253829 0.013206 0.00964045 0.00856494 0.00490565 0.00397921 0.00306273 0.00232836 0.00390665 
325 0.66097 0.260832 0.0259797 0.0215653 0.0152325 0.00547891 0.00314117 0.00242095 0.00157411 0.00280528 
326 0.436747 0.326749 0.065535 0.0453706 0.0293087 0.0262701 0.0321489 0.0122354 0.0113386 0.0142963 
327 0.291925 0.525265 0.0668299 0.0307867 0.0274257 0.0176792 0.0144618 0.00826634 0.00673796 0.010623 
328 0.273917 0.379466 0.0980814 0.0725514 0.0482467 0.0362422 0.0353269 0.0151724 0.0174622 0.0235339 
329 0.273151 0.383793 0.0838533 0.0804066 0.0529943 0.0356931 0.0347916 0.0149426 0.0171976 0.0231773 
330 0.651105 0.300723 0.0157584 0.0100039 0.00754496 0.0050713 0.00309428 0.00238481 0.00155062 0.00276341 
331 0.485097 0.362451 0.0436573 0.05247 0.0275658 0.00820823 0.00686402 0.00484498 0.00401212 0.00483004 
332 0.301753 0.269482 0.111951 0.0780162 0.0949608 0.0420457 0.0448681 0.0190352 0.0159388 0.0219491 
333 0.0131117 0.174478 0.283164 0.163263 0.068183 0.11046 0.0533421 0.0354865 0.0449298 0.0535815 
334 0.482686 0.384776 0.0384788 0.0423693 0.018158 0.00955576 0.00800802 0.00565248 0.00468081 0.00563504 
335 0.228709 0.376702 0.125204 0.079997 0.0470501 0.0406683 0.0320877 0.0279278 0.0178439 0.0238102 
336 0.530973 0.376707 0.0226286 0.0264891 0.0199065 0.00663876 0.00556347 0.00392698 0.00325193 0.00391487 
337 0.2638 0.619761 0.034472 0.0217079 0.0193986 0.0125048 0.0102291 0.00584692 0.00476587 0.00751384 
338 0.276667 0.527846 0.0858957 0.0290271 0.0259351 0.0167184 0.0136758 0.00781708 0.00637176 0.0100457 
339 0.486219 0.500085 0.00453324 0.00282811 0.00213296 0.00143366 0.000874755 0.000674188 0.000438361 0.000781218 
340 0.253007 0.376894 0.102399 0.0895051 0.0412157 0.036296 0.0363498 0.0279515 0.0155852 0.0207962 
341 0.326042 0.451897 0.0591798 0.0678563 0.0305908 0.0197191 0.0161305 0.00922015 0.00751541 0.0118487 
342 0.451745 0.469775 0.0247512 0.0150105 0.0129848 0.00733349 0.00614569 0.00433795 0.00359225 0.00432457 
343 0.49235 0.397878 0.0286867 0.0217822 0.0188614 0.0103227 0.00844414 0.00487643 0.0105831 0.0062155 
344 0.723192 0.229817 0.0121378 0.0183362 0.00557335 0.00373381 0.00227821 0.00175585 0.00114167 0.0020346 
345 0.329869 0.444827 0.0623337 0.0397104 0.0493498 0.0226191 0.0185026 0.0105761 0.00862062 0.0135912 
346 0.842259 0.137481 0.00938998 0.00365128 0.00243035 0.00163354 0.000996717 0.000768185 0.000499479 0.000890137 
347 0.710623 0.212495 0.0253802 0.00927824 0.0295728 0.00455086 0.00255947 0.00197262 0.00128261 0.00228578 
348 0.490435 0.393931 0.0329605 0.0329661 0.0166765 0.00941314 0.0078885 0.00556811 0.00461095 0.00555094 
349 0.286777 0.393064 0.0826823 0.069257 0.0461181 0.0346433 0.0337683 0.0145031 0.0166918 0.0224957 
350 0.547545 0.363648 0.0280079 0.0169855 0.0146933 0.00829842 0.00695434 0.00490873 0.00406491 0.00489359 
351 0.306159 0.482613 0.0671998 0.0381439 0.0340862 0.0219727 0.017974 0.0102739 0.00837432 0.0132029 
352 0.444672 0.523294 0.0130283 0.00993371 0.00307258 0.00204685 0.0012489 0.000962545 0.000625853 0.00111535 
353 0.490112 0.390695 0.0327203 0.01986 0.017214 0.0216891 0.0114954 0.00573944 0.00475282 0.00572174 
354 0.770823 0.18584 0.008283 0.0106326 0.0120393 0.00339291 0.00269426 0.00207372 0.00157649 0.00264513 
355 0.965069 0.0242878 0.00181375 0.00447101 0.00116013 0.000458889 0.00230243 0.000255356 7.48384e-05 0.000106564 
356 0.979532 0.019367 0.000651256 0.000141218 6.90378e-05 0.000102104 4.86843e-05 1.7347e-05 2.95374e-05 4.20591e-05 
357 0.246485 0.399293 0.0969411 0.0757841 0.0450897 0.0389738 0.0307507 0.0267642 0.0171004 0.0228181 
358 0.970617 0.0174339 0.00164492 0.00308606 0.00452165 0.00237911 0.000112298 4.00128e-05 6.81311e-05 9.70137e-05 
359 0.687766 0.25371 0.0137548 0.0206218 0.00773241 0.00442871 0.00359234 0.00276496 0.00210199 0.00352684 
360 0.373269 0.410941 0.0597058 0.0419938 0.043196 0.0217707 0.0177208 0.0101292 0.00825637 0.0130169 
361 0.541264 0.448743 0.00329083 0.00206871 0.00156022 0.00104869 0.000639868 0.000493156 0.000320653 0.000571446 
362 0.388136 0.481784 0.0224801 0.0123261 0.0655127 0.00665982 0.0116439 0.00515247 0.00286049 0.00344364 
363 0.671139 0.278056 0.0173943 0.0103117 0.00777711 0.00522734 0.00318949 0.00245819 0.00159833 0.00284844 
364 0.939936 0.0559941 0.00238977 0.000527143 0.000257706 0.000381135 0.00018173 6.47535e-05 0.000110258 0.000156999 
365 0.698388 0.221607 0.0103269 0.0142507 0.0270533 0.00417941 0.00335907 0.00592981 0.00829107 0.00661486 
366 0.344498 0.423801 0.0819814 0.0453277 0.0336061 0.0216632 0.0177208 0.0101292 0.00825637 0.0130169 
367 0.768668 0.176344 0.00926682 0.00954317 0.00813746 0.00924285 0.012965 0.00273829 0.00115635 0.00193841 
368 0.539299 0.430079 0.0123581 0.00510243 0.0044138 0.00249281 0.00208905 0.00147456 0.00122108 0.00147001 
369 0.399916 0.430793 0.0710798 0.0262508 0.0231654 0.0149329 0.0122153 0.00698225 0.00569129 0.00897284 
370 0.12145 0.274934 0.134764 0.164389 0.0953819 0.0696703 0.0536215 0.0272048 0.0254441 0.0331409 
371 0.502169 0.382402 0.0316225 0.0168204 0.0243854 0.00991155 0.00669025 0.00472232 0.00396721 0.0173092 
372 0.562974 0.417854 0.00373508 0.00287454 0.00714079 0.00146274 0.00118646 0.000913198 0.000694236 0.00116483 
373 0.371709 0.456859 0.125391 0.014615 0.0101301 0.00651733 0.00533126 0.00304734 0.00248391 0.00391611 
