2 0.443511 0.554548 0.000913929 0.000498849 0.00020764 0.000113945 8.36877e-05 5.48667e-05 3.59315e-05 3.22596e-05 
3 0.038585 0.633201 0.117355 0.10978 0.0504504 0.0177458 0.0112953 0.0106342 0.00553494 0.0054187 
4 0.292724 0.618152 0.0333528 0.0172923 0.0208477 0.0132217 0.00190434 0.00107415 0.000630351 0.000800533 
5 0.734273 0.250951 0.00305821 0.00273637 0.00840806 0.000277245 0.000119258 8.51574e-05 3.97602e-05 5.20356e-05 
6 0.570258 0.429064 0.000295195 0.000126042 9.95179e-05 5.58115e-05 4.09913e-05 2.68744e-05 1.75997e-05 1.58011e-05 
7 0.300131 0.689983 0.00755804 0.00166814 0.000247332 0.00017466 9.57844e-05 6.83956e-05 3.19341e-05 4.17933e-05 
8 0.387024 0.609226 0.00271845 0.000339989 0.000268436 0.000150544 0.000110568 7.24898e-05 4.74727e-05 4.26213e-05 
9 0.901824 0.0879859 0.00347653 0.00410196 0.0012102 0.000209782 0.000115045 8.21575e-05 0.000903126 9.12156e-05 
10 0.44921 0.511989 0.0320453 0.00440542 0.000411986 0.000290224 0.000159161 0.000121299 0.00121639 0.000151605 
11 0.839093 0.151823 0.0086078 0.000413655 1.93404e-05 2.06118e-05 1.09629e-05 4.73778e-06 1.89498e-06 5.56447e-06 
12 0.925868 0.0732456 0.0005224 0.000137522 8.50519e-05 6.00619e-05 3.29383e-05 2.35198e-05 1.09815e-05 1.43718e-05 
13 0.966484 0.0275532 0.00318027 0.000592758 0.00115498 0.000888002 7.94139e-05 3.01091e-05 1.97181e-05 1.77031e-05 
14 0.863811 0.10448 0.0134724 0.00264334 0.00153663 0.00296018 0.00905202 0.00159145 0.00020199 0.000251476 
15 0.990943 0.00822395 0.000571871 0.000144309 4.37163e-05 3.08716e-05 1.69302e-05 1.20891e-05 5.64443e-06 7.38707e-06 
16 0.0890576 0.682232 0.104178 0.0645417 0.0243615 0.0229053 0.00553185 0.00321426 0.00179397 0.00218464 
17 0.668708 0.320728 0.00890823 0.00083787 0.000336281 0.000171333 0.000125838 8.25006e-05 5.40286e-05 4.85073e-05 
18 0.166826 0.616314 0.0865543 0.0360817 0.0189752 0.0135076 0.00863999 0.0246686 0.0223574 0.00607516 
19 0.0301431 0.396596 0.268205 0.0952722 0.0731493 0.0559819 0.0297232 0.0150475 0.0146497 0.0212327 
20 0.0700537 0.591556 0.129589 0.0915348 0.0431812 0.0329703 0.0153437 0.01235 0.00554745 0.00787365 
21 0.163524 0.694755 0.0900481 0.0162347 0.0101201 0.00720406 0.00482015 0.00990448 0.00152819 0.00186099 
22 0.326868 0.62062 0.0490058 0.00133498 0.000813798 0.000574687 0.000315162 0.000225044 0.000105073 0.000137513 
23 0.336111 0.60685 0.0547459 0.00167743 0.000230636 0.000162869 8.93181e-05 6.37783e-05 2.97782e-05 3.89718e-05 
24 0.0675949 0.399902 0.293206 0.0983617 0.0479622 0.0338151 0.0322741 0.0148999 0.00342826 0.00855583 
25 0.20162 0.643299 0.120935 0.0248434 0.0033299 0.00089435 0.00435126 0.000350169 0.000163493 0.000213969 
26 0.0424682 0.434092 0.269763 0.1042 0.050869 0.0358645 0.0342301 0.015803 0.00363604 0.00907437 
27 0.151276 0.798636 0.0477118 0.000864639 0.000305363 0.00104107 6.68123e-05 4.77079e-05 2.22749e-05 2.9152e-05 
28 0.149268 0.644043 0.10495 0.0419949 0.020228 0.0117392 0.0165992 0.00447103 0.00284161 0.0038655 
29 0.147371 0.838197 0.0129599 0.00102228 0.00018094 0.00011392 6.24742e-05 4.46102e-05 2.08286e-05 2.72591e-05 
30 0.0483898 0.444121 0.261274 0.101135 0.0493728 0.0348096 0.0332233 0.0153382 0.00352909 0.00880747 
31 0.173776 0.583748 0.114754 0.0488159 0.0306989 0.0178154 0.0134289 0.00678407 0.00431256 0.00586646 
32 0.0552284 0.410129 0.286476 0.103086 0.0493728 0.0348096 0.0332233 0.0153382 0.00352909 0.00880747 
33 0.174575 0.529239 0.279774 0.0145469 0.000457671 0.000310604 0.000249006 0.000685684 7.1361e-05 9.06265e-05 
34 0.0707848 0.402432 0.261968 0.102644 0.0501097 0.0353292 0.0337192 0.0155671 0.00358198 0.0238641 
35 0.138676 0.798258 0.0276975 0.00339398 0.00204506 0.027744 0.000866828 0.000565343 0.000331764 0.000421333 
36 0.763779 0.211379 0.023767 0.000166469 0.000777576 5.58318e-05 3.03997e-05 2.17071e-05 1.01351e-05 1.32642e-05 
37 0.286883 0.506 0.0834435 0.034372 0.0205433 0.0209428 0.0146322 0.00544783 0.0116322 0.0161034 
38 0.129951 0.623717 0.134825 0.0590865 0.0176999 0.0235118 0.00570566 0.00220094 0.00139911 0.00190324 
39 0.0722112 0.562158 0.138242 0.0783175 0.0737013 0.0253099 0.0171958 0.0161894 0.00842633 0.00824937 
40 0.63491 0.364681 0.000232726 6.66106e-05 4.11959e-05 2.90917e-05 1.5954e-05 1.13921e-05 5.319e-06 6.96117e-06 
41 0.0886157 0.627299 0.140129 0.0557059 0.0343343 0.0199251 0.0150192 0.00758745 0.00482326 0.00656118 
42 0.0186935 0.911105 0.0354102 0.0169849 0.0037206 0.00833445 0.0016534 0.000964328 0.00245124 0.000682877 
43 0.0793668 0.877177 0.0186313 0.0105124 0.00297099 0.00829209 0.00130431 0.000779831 0.000435245 0.000530029 
44 0.0673067 0.869803 0.0212484 0.0261864 0.00872088 0.00270908 0.00172196 0.00102964 0.000574669 0.000699816 
45 0.1587 0.839446 0.00112565 0.000274903 0.000170016 0.000120062 6.58425e-05 4.70154e-05 2.19516e-05 2.87288e-05 
46 0.111283 0.644929 0.109671 0.0495354 0.0296065 0.0233299 0.0133227 0.00776262 0.005057 0.00550316 
47 0.524694 0.466147 0.00705689 0.00144811 0.000244966 0.000172964 9.48545e-05 6.77316e-05 3.16241e-05 4.13875e-05 
48 0.0361965 0.949828 0.0127974 0.000440723 0.000265871 0.000188208 0.000111588 7.36838e-05 4.32403e-05 5.49144e-05 
49 0.0696617 0.894182 0.0226323 0.00492395 0.00310503 0.00221034 0.00140497 0.000840091 0.000468878 0.000570986 
50 0.629341 0.367375 0.00166984 0.00102116 0.00022234 0.00015691 8.60503e-05 6.14449e-05 2.86888e-05 3.7546e-05 
51 0.145506 0.815973 0.0247255 0.00977048 0.00145171 0.00102673 0.00060875 0.000401969 0.00023589 0.000299576 
52 0.137707 0.681102 0.0868761 0.0431116 0.018529 0.0131425 0.00835385 0.00499513 0.00278792 0.00339505 
53 0.378663 0.533689 0.0218514 0.0196109 0.0254633 0.00234647 0.00240875 0.0151921 0.000336073 0.000439825 
54 0.299812 0.553537 0.0418512 0.0161734 0.0581699 0.0116545 0.0128497 0.00260746 0.00147355 0.00187138 
55 0.272819 0.616757 0.057996 0.0102462 0.00774362 0.015315 0.0151805 0.00174091 0.00096977 0.00123159 
56 0.131067 0.733858 0.0892828 0.0132974 0.00767535 0.00555192 0.0089829 0.00209649 0.00115926 0.00702916 
57 0.115524 0.752851 0.0695622 0.0199241 0.0205502 0.00868351 0.00551951 0.00330036 0.00184202 0.00224316 
58 0.383833 0.569307 0.0264701 0.00916102 0.00256514 0.00677473 0.00076054 0.000543069 0.00025356 0.000331844 
59 0.0658518 0.788485 0.0760449 0.0257131 0.0153683 0.0121102 0.0069156 0.00402945 0.00262501 0.0028566 
60 0.915332 0.0798579 0.00340088 0.000722268 0.000467828 9.26024e-05 5.07837e-05 3.62625e-05 1.6931e-05 2.21583e-05 
61 0.154398 0.657691 0.0825987 0.0346361 0.034041 0.0147356 0.00936644 0.00560061 0.00312585 0.00380657 
62 0.182787 0.68138 0.090072 0.00979041 0.00422822 0.0148177 0.00207114 0.0011718 0.000699143 0.0129823 
63 0.312083 0.674191 0.013293 0.000197054 8.84944e-05 6.2493e-05 3.42715e-05 2.44718e-05 1.1426e-05 1.49536e-05 
64 0.319087 0.534953 0.0579958 0.0185766 0.022467 0.00715739 0.0101142 0.0259171 0.00164439 0.00208835 
65 0.061324 0.597535 0.14061 0.0762493 0.0477768 0.0256864 0.0174563 0.0164347 0.00855401 0.00837436 
66 0.0281319 0.137175 0.499713 0.0669807 0.0841892 0.12746 8.71082e-05 0.000164336 0.0554365 0.000663109 
67 0.987053 0.0122121 0.000317377 6.51169e-05 4.16531e-05 0.000257544 3.02388e-05 1.1121e-05 5.19243e-06 6.79552e-06 
68 0.299322 0.684742 0.00845107 0.00116578 0.000784408 0.00247317 0.00262517 0.000221119 9.3065e-05 0.000121798 
69 0.154127 0.674281 0.0827765 0.0323355 0.0203912 0.0145156 0.00922664 0.00551701 0.0030792 0.00374976 
70 0.226333 0.609585 0.0840708 0.0421692 0.0136622 0.00972548 0.00618185 0.0036964 0.00206306 0.00251234 
71 0.489443 0.485087 0.0178608 0.00174968 0.00102488 0.000723747 0.000714253 0.00309106 0.000132335 0.000173181 
72 0.216822 0.730135 0.0320527 0.00585995 0.00359613 0.00254567 0.00150932 0.00100144 0.00573469 0.000742764 
73 0.760803 0.220576 0.00999967 0.00255107 0.00216607 0.00177766 0.00110142 0.000710963 0.00013837 0.000175727 
74 0.106131 0.837475 0.0382404 0.00661605 0.00416528 0.00296509 0.00188471 0.00112695 0.000628982 0.000765957 
75 0.330255 0.573296 0.0492248 0.0174517 0.0107331 0.00759784 0.00450475 0.00297457 0.00174559 0.00221686 
76 0.538799 0.382652 0.0159546 0.0284481 0.0161142 0.0136332 0.00178053 0.00116734 0.000764474 0.000686351 
77 0.110486 0.603262 0.131161 0.0592764 0.0372772 0.021633 0.0163066 0.00823781 0.00523668 0.00712356 
78 0.9534 0.0267881 0.00713423 0.0094602 0.000117895 0.00189472 0.000906649 0.000275724 5.71734e-06 1.67885e-05 
79 0.618498 0.326357 0.0120698 0.00595392 0.00685684 0.0121412 0.0142353 0.0023098 0.000831365 0.000746406 
80 0.336748 0.566803 0.0492247 0.0174517 0.0107331 0.00759784 0.00450475 0.00297457 0.00174559 0.00221686 
81 0.106932 0.588321 0.137726 0.0638361 0.0401447 0.023297 0.0175609 0.00887148 0.0056395 0.00767153 
82 0.215863 0.775402 0.0065566 0.00113994 0.000374638 0.000265088 0.00015717 0.000103782 6.09033e-05 7.73461e-05 
83 0.939882 0.0573421 0.0018749 0.000330774 0.000145583 0.000314374 4.53396e-05 2.89669e-05 1.89701e-05 1.70315e-05 
84 0.110829 0.769903 0.112304 0.00223572 0.00271895 0.000802193 0.000475339 0.000313875 0.000184193 0.000233922 
85 0.372488 0.625412 0.00129447 0.000297343 0.00018287 0.000129452 7.67521e-05 5.06808e-05 2.97413e-05 3.77709e-05 
86 0.118263 0.853746 0.0244421 0.00226966 0.000481006 0.000338101 0.000185416 0.000132398 6.18169e-05 8.0902e-05 
87 0.875262 0.0856078 0.0228094 0.00266235 0.00563991 0.00595223 0.00176122 0.000146733 6.8408e-05 8.95281e-05 
88 0.624632 0.363358 0.0106081 0.000316737 0.000190541 0.000712505 7.35439e-05 5.25145e-05 2.45192e-05 3.20891e-05 
89 0.489853 0.4307 0.0393316 0.032943 0.00268832 0.00189835 0.00104107 0.000743382 0.000347087 0.000454245 
90 0.188247 0.794749 0.0115708 0.00231706 0.000707217 0.00104932 0.000138354 0.00112022 4.35652e-05 5.70143e-05 
91 0.103601 0.583705 0.145616 0.0638933 0.0401447 0.023297 0.0175609 0.00887148 0.0056395 0.00767153 
92 0.755505 0.205175 0.0175706 0.0112376 0.00238147 0.00107608 0.00220381 0.0036378 0.000908251 0.000304656 
93 0.662613 0.336803 0.000357815 0.000133462 2.67796e-05 3.10938e-05 1.6538e-05 7.14716e-06 2.85867e-06 8.39427e-06 
94 0.630261 0.307573 0.0410942 0.00783717 0.000445585 0.0115155 0.000981989 0.000113178 4.52679e-05 0.000132926 
95 0.605603 0.161523 0.0319609 0.195958 0.00403502 0.000433703 0.000230675 9.96901e-05 3.98733e-05 0.000117085 
96 0.326702 0.576476 0.0495973 0.0174517 0.0107331 0.00759784 0.00450475 0.00297457 0.00174559 0.00221686 
97 0.452567 0.457953 0.0170732 0.00474423 0.0193448 0.0444788 0.00162745 0.000986002 0.000645721 0.000579733 
98 0.0547077 0.935208 0.0080912 0.000736678 0.000453018 0.000320687 0.000190135 0.00012555 7.36772e-05 9.35686e-05 
99 0.227585 0.529953 0.0992784 0.0510512 0.036387 0.0197267 0.018636 0.00893413 0.0040456 0.00440253 
100 0.581937 0.344826 0.0139576 0.00885725 0.0424778 0.00284229 0.00206541 0.00135411 0.00088679 0.000796167 
101 0.0641404 0.567242 0.12576 0.123268 0.0517654 0.0301841 0.014047 0.0113063 0.00507865 0.00720827 
102 0.845858 0.0357029 0.0124686 0.046 0.0134216 0.0461202 0.000250397 8.56398e-05 3.99854e-05 5.23304e-05 
103 0.0964958 0.878463 0.018594 0.00188254 0.00186741 0.00155682 0.000487924 0.000291744 0.00016283 0.00019829 
104 0.655309 0.337595 0.00422749 0.00205568 0.000315259 0.000176791 0.000129846 8.51284e-05 5.57496e-05 5.00524e-05 
105 0.0837384 0.783637 0.130537 0.00160942 0.00017946 0.000126488 6.93666e-05 4.95318e-05 2.31265e-05 3.02665e-05 
106 0.09732 0.874733 0.0243045 0.00273322 0.000353943 0.000235126 0.000128944 9.20737e-05 4.29894e-05 5.62618e-05 
107 0.122262 0.519523 0.107827 0.152664 0.0359865 0.0274753 0.0127864 0.0102917 0.00462288 0.00656137 
108 0.145237 0.802227 0.0267303 0.0129193 0.00307302 0.00436554 0.00137873 0.000823251 0.000462124 0.00278407 
109 0.37576 0.489285 0.0618202 0.0136748 0.00840541 0.00624472 0.0353285 0.0063788 0.00136703 0.0017361 
110 0.0596356 0.620366 0.159628 0.0656278 0.0418243 0.0235502 0.0109598 0.00882143 0.00396247 0.00562403 
111 0.275244 0.69901 0.0167189 0.00679466 0.00139862 0.000332816 0.000197311 0.000130288 7.64576e-05 9.70997e-05 
112 0.119618 0.639652 0.115769 0.0461729 0.0275787 0.021732 0.0124102 0.00723093 0.00471063 0.00512623 
113 0.597108 0.318592 0.024036 0.0293929 0.016921 0.00209865 0.00114485 0.00982542 0.000381503 0.00049926 
114 0.553033 0.385416 0.0251079 0.017817 0.010333 0.0035143 0.0019244 0.00137413 0.000641585 0.000839665 
115 0.690553 0.30637 0.00192081 0.000808167 0.000135091 7.56768e-05 5.55816e-05 3.64399e-05 2.38641e-05 2.14253e-05 
116 0.869786 0.0958517 0.0193387 0.0107093 0.00115064 0.00231983 0.000380084 0.00020684 0.000135457 0.000121614 
117 0.408175 0.546732 0.0425801 0.00220459 0.000117903 8.06966e-05 4.42544e-05 3.16002e-05 1.47542e-05 1.93094e-05 
118 0.789214 0.1711 0.0108568 0.0107514 0.00394659 0.000922846 0.000526519 0.00562432 0.00683044 0.00022774 
119 0.966976 0.0307064 0.000992373 0.000436611 0.000617471 0.000110686 6.31462e-05 4.16966e-05 2.44691e-05 3.10752e-05 
120 0.586366 0.305873 0.0575167 0.0171 0.0103992 0.00207208 0.00134346 0.00952671 0.000387083 0.00941617 
121 0.959123 0.0386563 0.00146113 0.000289237 0.000176418 0.000124583 6.83218e-05 4.87857e-05 2.27781e-05 2.98106e-05 
122 0.105398 0.813342 0.0509806 0.010413 0.00944616 0.00437302 0.00258655 0.00154661 0.000863206 0.00105119 
123 0.87584 0.0876656 0.0180951 0.00377969 0.00829705 0.0053169 0.000410123 0.000255412 0.000149885 0.000190351 
124 0.106119 0.448963 0.429784 0.00953855 0.00285211 0.00109517 0.000649244 0.000428708 0.000251581 0.000319503 
125 0.209248 0.788697 0.00192441 7.66222e-05 1.53745e-05 1.78513e-05 9.49464e-06 4.10326e-06 1.64119e-06 4.81924e-06 
126 0.0840828 0.828446 0.0386162 0.0256623 0.0081183 0.00639691 0.003653 0.00212846 0.0013866 0.00150893 
127 0.108704 0.737677 0.0997605 0.0237792 0.0117049 0.00679061 0.00511866 0.00258586 0.0016438 0.0022361 
128 0.166358 0.806292 0.0121774 0.0104655 0.00116047 0.00236678 0.000464466 0.000306414 0.000179815 0.000228361 
129 0.278069 0.676361 0.0286099 0.0015751 0.0143239 0.00063612 0.000171173 0.000122227 5.70682e-05 7.46872e-05 
130 0.139593 0.683064 0.0938076 0.0316976 0.0187152 0.0133226 0.00846829 0.00506356 0.00282611 0.00344156 
131 0.0747854 0.893469 0.0200281 0.00157272 0.0039691 0.00456669 0.00103234 0.000247247 0.000145093 0.000184266 
132 0.0423247 0.935714 0.0142033 0.00282465 0.00178124 0.00126799 0.000805978 0.000481929 0.000268978 0.000327554 
133 0.129063 0.619705 0.113051 0.0510365 0.0305037 0.0240369 0.0137264 0.00799785 0.00521024 0.00566992 
134 0.381226 0.58714 0.0308371 0.000415372 0.000143027 0.000101003 5.53904e-05 3.95519e-05 1.84669e-05 2.41683e-05 
135 0.149857 0.653052 0.0806239 0.0608177 0.0200914 0.0143022 0.00909095 0.00543588 0.00303392 0.00369461 
136 0.140931 0.814173 0.0249733 0.00490741 0.0123063 0.00108097 0.00064072 0.000423079 0.000248278 0.000315308 
137 0.185251 0.799246 0.0103508 0.00317488 0.000810991 0.000493814 0.000270811 0.000193374 9.0287e-05 0.000118162 
138 0.275777 0.603495 0.080863 0.0147324 0.00906038 0.00641376 0.00380271 0.002511 0.00147355 0.00187138 
139 0.901789 0.0888002 0.00592326 0.00148646 0.00117359 0.000148359 7.61208e-05 4.99057e-05 3.30131e-05 0.00052041 
140 0.821286 0.149273 0.0141514 0.00572111 0.00275722 0.00318505 0.00173425 0.000253115 0.000148204 0.00149138 
141 0.120466 0.569981 0.181637 0.0833456 0.0161245 0.0114417 0.00727276 0.00434871 0.00242713 0.00295569 
142 0.380388 0.61654 0.00193211 0.000621957 0.000200796 0.000112606 8.27048e-05 5.42222e-05 3.55095e-05 3.18807e-05 
143 0.0701482 0.71412 0.146226 0.0331041 0.012742 0.0100407 0.00573382 0.00334087 0.00217643 0.00236845 
144 0.119339 0.857836 0.0134706 0.00484273 0.00207174 0.0019446 0.000199388 0.000142375 6.6475e-05 8.69982e-05 
145 0.0945892 0.836762 0.0601113 0.00248037 0.00153697 0.00275434 0.000899205 0.000387058 0.000216028 0.000263072 
146 0.0619381 0.763436 0.155581 0.00681073 0.00414192 0.00255646 0.00309036 0.0010713 0.000581853 0.000791507 
147 0.129716 0.603957 0.113315 0.0658649 0.0305054 0.0240369 0.0137264 0.00799785 0.00521024 0.00566992 
148 0.456207 0.402968 0.112319 0.0192469 0.00523101 0.00315314 0.000344532 0.000227467 0.000133486 0.000169525 
149 0.0800684 0.872955 0.0428931 0.00151489 0.000927503 0.00066025 0.000419678 0.000250944 0.000140059 0.000170559 
150 0.959282 0.0296801 0.00468052 0.00115272 0.00122576 0.00372857 0.000105974 6.94962e-05 3.2448e-05 4.24658e-05 
151 0.0924755 0.739616 0.115043 0.0218001 0.0088715 0.00631525 0.00404015 0.0088584 0.00134905 0.00163139 
152 0.59338 0.395617 0.00356733 0.000797518 0.00414598 0.00205653 0.000175837 0.000124749 5.82457e-05 7.62282e-05 
153 0.757029 0.18982 0.0217341 0.0116419 0.00687651 0.00196767 0.00118639 0.00405297 0.00439758 0.00129419 
154 0.13587 0.598319 0.154837 0.0605184 0.0182162 0.0129673 0.00824247 0.00492853 0.00275075 0.00334978 
155 0.144979 0.740977 0.0364571 0.0138832 0.0528035 0.00266014 0.00173174 0.00564719 0.000427732 0.000432721 
156 0.151665 0.809565 0.0299895 0.00456394 0.00152023 0.00107595 0.000637928 0.000421235 0.000247196 0.000313934 
157 0.822459 0.129439 0.00551675 0.00440475 0.0219882 0.00667163 0.000923422 0.00423795 0.000270532 0.00408861 
158 0.403764 0.522097 0.028248 0.00656795 0.0306256 0.00541179 0.00132302 0.000944715 0.00044109 0.00057727 
159 0.481171 0.488671 0.0100423 0.00222857 0.00581526 0.0108272 0.000493535 0.000322245 0.000189105 0.00024016 
160 0.764584 0.144955 0.048145 0.0338189 0.00220782 0.000941459 0.000516357 0.00443209 0.000173696 0.000225276 
161 0.174126 0.786242 0.0262523 0.00881573 0.00164542 0.00116476 0.000690587 0.000456007 0.000267602 0.000339849 
162 0.808369 0.18225 0.00418389 0.00308435 0.00056813 0.00101793 0.000215071 0.000133435 7.83045e-05 9.94452e-05 
163 0.954615 0.0431211 0.00106341 0.000762158 0.000165103 0.000115568 6.33784e-05 4.52558e-05 2.11301e-05 2.76537e-05 
164 0.448172 0.489245 0.0372147 0.00937491 0.0057657 0.00408148 0.00241991 0.00159791 0.000937712 0.00119088 
165 0.160787 0.678149 0.0837838 0.0281364 0.017743 0.0126305 0.00802837 0.00480052 0.0026793 0.00326278 
166 0.536291 0.418315 0.0247269 0.00779834 0.00482295 0.00340587 0.0018678 0.00133371 0.000622715 0.000814969 
167 0.126471 0.716913 0.0939665 0.0269498 0.0128888 0.00917498 0.00583193 0.00348717 0.00194629 0.00237013 
168 0.552631 0.385864 0.0388806 0.00936646 0.0049691 0.00350908 0.0019244 0.00137413 0.000641585 0.000839665 
169 0.0216357 0.917433 0.030015 0.0135926 0.00637904 0.00487062 0.00226668 0.00182443 0.00081951 0.00116315 
170 0.168855 0.660953 0.0813767 0.0323355 0.0203912 0.0145156 0.00922664 0.00551701 0.0030792 0.00374976 
171 0.925441 0.0711818 0.00172551 0.000460373 0.000283137 0.000200482 0.000521689 8.14059e-05 4.60483e-05 5.84805e-05 
172 0.134555 0.818882 0.0275559 0.00520322 0.00564699 0.00249062 0.00369251 0.000882209 0.000492377 0.000599603 
173 0.105684 0.681737 0.0956562 0.0431847 0.0258108 0.0203389 0.0116147 0.00676741 0.00440867 0.00479762 
174 0.145576 0.691508 0.0779075 0.0309497 0.0195173 0.0138935 0.00883121 0.00528057 0.00294723 0.00358905 
175 0.181273 0.653381 0.0791051 0.0313982 0.0198002 0.0140949 0.0089592 0.0053571 0.00298995 0.00364107 
176 0.159857 0.780821 0.0347432 0.0144735 0.00369284 0.00255886 0.00151715 0.0010018 0.000587892 0.000746611 
177 0.237114 0.756743 0.00301854 0.000691335 0.00172197 0.000300778 0.000164948 0.000117783 5.4993e-05 7.19713e-05 
178 0.0289199 0.300141 0.234097 0.236267 0.043146 0.0534271 0.0213668 0.0309566 0.0211056 0.0305733 
179 0.118641 0.771415 0.0620741 0.0118391 0.0231008 0.00520082 0.0033058 0.00197668 0.00110324 0.0013435 
180 0.103601 0.591672 0.137706 0.0638361 0.0401447 0.023297 0.0175609 0.00887148 0.0056395 0.00767153 
181 0.754233 0.219744 0.023657 0.000523921 0.000754589 0.000171592 0.000762277 6.82285e-05 4.46671e-05 4.01024e-05 
182 0.1906 0.805948 0.00294226 0.000169329 0.000131865 7.39522e-05 5.43149e-05 3.56095e-05 2.33202e-05 2.09371e-05 
183 0.664129 0.25527 0.057983 0.00288843 0.00895344 0.00887675 0.000932495 0.00046509 0.000217152 0.000284194 
184 0.0781627 0.610819 0.138926 0.0740691 0.0334056 0.0240011 0.0215891 0.00933381 0.00400649 0.00568652 
185 0.491918 0.4741 0.0201646 0.00534827 0.0029134 0.00247434 0.000783917 0.000477628 0.00117846 0.00064225 
186 0.152103 0.677716 0.081366 0.0323355 0.0203912 0.0145156 0.00922664 0.00551701 0.0030792 0.00374976 
187 0.170642 0.656565 0.0826318 0.0328254 0.0207002 0.0147356 0.00936644 0.00560061 0.00312585 0.00380657 
188 0.169547 0.656082 0.0842103 0.0328254 0.0207002 0.0147356 0.00936644 0.00560061 0.00312585 0.00380657 
189 0.47756 0.368062 0.132312 0.0134849 0.00360827 0.00210545 0.00115464 0.000824478 0.000384951 0.000503799 
190 0.11642 0.627214 0.116059 0.0518217 0.030973 0.0244067 0.0139376 0.00812089 0.0052904 0.00575715 
191 0.103601 0.591647 0.137731 0.0638361 0.0401447 0.023297 0.0175609 0.00887148 0.0056395 0.00767153 
192 0.160723 0.603162 0.106111 0.0627986 0.0260481 0.0183169 0.00852427 0.00686111 0.00308192 0.00437425 
193 0.25288 0.721012 0.021052 0.00373659 0.000494672 0.00034932 0.000191569 0.000136791 6.38682e-05 8.35865e-05 
194 0.192924 0.72071 0.0664769 0.00830959 0.00654914 0.00200756 0.00119028 0.000785964 0.000461232 0.000585756 
195 0.654919 0.236564 0.0429368 0.0167197 0.0270594 0.00507384 0.00489045 0.00609851 0.00110771 0.00463066 
196 0.321816 0.630811 0.0224212 0.00938199 0.00497757 0.00511531 0.000529212 0.000377887 0.000202937 0.00436659 
197 0.309968 0.542517 0.0774838 0.0599179 0.00260423 0.00170067 0.00347464 0.00146904 0.000380749 0.000483544 
198 0.856703 0.0866555 0.0438338 0.0113417 8.56038e-05 9.81296e-05 5.21926e-05 2.25559e-05 1.4796e-05 0.00119305 
199 0.164775 0.610288 0.164809 0.0264371 0.00962121 0.00764016 0.0096649 0.00354263 0.00145286 0.00176925 
200 0.295263 0.582357 0.054785 0.0165824 0.0156442 0.025295 0.00406077 0.00257796 0.00151284 0.00192128 
201 0.465659 0.523701 0.00741411 0.00192532 0.000472621 0.000330341 0.000195859 0.000129329 7.58951e-05 9.63853e-05 
202 0.149814 0.813986 0.0339268 0.00185747 0.000161339 0.000108072 5.92675e-05 4.23204e-05 1.97595e-05 2.586e-05 
203 0.311249 0.674744 0.0101572 0.00145286 0.000898522 0.000634518 0.000347973 0.000248473 0.000116013 0.00015183 
204 0.092749 0.781869 0.0596126 0.0325497 0.0110255 0.00722329 0.00959965 0.00240026 0.00133965 0.00163139 
205 0.0333755 0.509247 0.251319 0.0913436 0.039039 0.0275239 0.0262696 0.0121279 0.00279045 0.00696405 
206 0.154398 0.656032 0.0993955 0.0328387 0.0207002 0.0147356 0.00936644 0.00560061 0.00312585 0.00380657 
207 0.214902 0.70861 0.0457928 0.0113436 0.00697649 0.00493859 0.00292809 0.00193347 0.00113463 0.00144096 
208 0.0346917 0.778459 0.100916 0.0460129 0.0147083 0.0112203 0.00522167 0.00420288 0.00188788 0.00267951 
209 0.162969 0.805762 0.0124067 0.0108454 0.00338123 0.00184966 0.00109666 0.000724146 0.000424955 0.000539685 
210 0.340521 0.626501 0.0267809 0.00233379 0.00139251 0.000985747 0.000584449 0.000385922 0.000226473 0.000287617 
211 0.305256 0.646918 0.0211135 0.00720953 0.00886292 0.00672245 0.00119281 0.002001 0.000451879 0.000271367 
212 0.0821798 0.739624 0.105149 0.0415526 0.0119953 0.00784313 0.00498536 0.00298097 0.00166376 0.00202608 
213 0.173135 0.75028 0.0545163 0.0110927 0.00275018 0.00549148 0.0010771 0.000710835 0.000417144 0.000529765 
214 0.54562 0.365692 0.0312512 0.0299142 0.00573291 0.00344211 0.0155635 0.00140708 0.000596403 0.000780534 
215 0.0793423 0.781535 0.0516571 0.0341057 0.0299532 0.0127755 0.00449376 0.00260028 0.00169397 0.00184342 
216 0.0384811 0.598314 0.190536 0.0861153 0.0299622 0.0205831 0.0196451 0.00906952 0.00208677 0.0052079 
217 0.20557 0.696627 0.0514082 0.0226883 0.0050387 0.0122586 0.00369259 0.00116474 0.000683513 0.000868048 
218 0.0794803 0.849918 0.02882 0.0104295 0.0229536 0.00373571 0.00199414 0.00119239 0.000665504 0.000810432 
219 0.383365 0.49923 0.0691845 0.0106685 0.0117375 0.0184053 0.00341326 0.0017857 0.000996649 0.00121369 
220 0.148668 0.742652 0.0425627 0.0352859 0.0104699 0.00310833 0.0144017 0.00123222 0.000713605 0.000906264 
221 0.180089 0.782045 0.0156139 0.00686077 0.0131126 0.000964996 0.000529209 0.000377886 0.000176436 0.000230908 
222 0.0478732 0.934276 0.0131739 0.00168593 0.00096519 0.000317174 0.00100833 0.000537321 7.30337e-05 9.01727e-05 
223 0.115799 0.731703 0.084877 0.0246199 0.0155251 0.0110517 0.00702483 0.00420045 0.00234439 0.00285493 
224 0.152094 0.659258 0.0998278 0.0323407 0.0203912 0.0145156 0.00922664 0.00551701 0.0030792 0.00374976 
225 0.193878 0.78958 0.0104795 0.00340285 0.00171483 0.000405263 0.000212488 0.00014031 8.2339e-05 0.000104569 
226 0.16145 0.694288 0.122811 0.0105479 0.00408914 0.00359499 0.00137695 0.000823252 0.000459479 0.000559541 
227 0.172924 0.67721 0.0923032 0.0135529 0.0101957 0.0258304 0.00526768 0.00116474 0.000683513 0.000868048 
228 0.164226 0.750732 0.0535225 0.009013 0.00531618 0.0114822 0.00248931 0.00143829 0.000802748 0.000977564 
229 0.065804 0.709333 0.117674 0.0397834 0.0175065 0.0143012 0.0247531 0.00459992 0.00299023 0.00325404 
230 0.380494 0.601573 0.0118524 0.00165266 0.00150235 0.00256465 0.000145391 0.000103767 4.84492e-05 6.34072e-05 
231 0.190086 0.633533 0.149982 0.00913198 0.00410382 0.00290505 0.00172241 0.00113734 0.000758465 0.00663893 
232 0.292967 0.696636 0.00812623 0.0008567 0.000529823 0.00037415 0.000205186 0.000146515 6.84081e-05 8.95281e-05 
233 0.222486 0.629631 0.134815 0.00503008 0.00599222 0.00129108 0.000303852 0.000216968 0.000101303 0.000132579 
234 0.17317 0.60867 0.0983771 0.0556014 0.023101 0.0174333 0.00995542 0.00580064 0.00377886 0.00411225 
235 0.132397 0.68148 0.108273 0.0287046 0.017743 0.0126305 0.00802837 0.00480052 0.0026793 0.00326278 
236 0.294972 0.660193 0.0269203 0.00400931 0.00246541 0.00527841 0.00103503 0.0029974 0.00161996 0.000509173 
237 0.313514 0.649201 0.0191167 0.00506414 0.00311451 0.00220473 0.00130913 0.00525533 0.00057669 0.000643286 
238 0.399876 0.543544 0.0312166 0.00358488 0.0200219 0.000877023 0.000353789 0.000252626 0.000117952 0.000154367 
239 0.676239 0.236041 0.0342107 0.0121464 0.0155768 0.00544551 0.00226644 0.0173012 0.000432696 0.000339987 
240 0.157296 0.828728 0.00917716 0.00205793 0.00190482 0.000297391 0.000218178 0.00014304 9.3675e-05 8.41021e-05 
241 0.49829 0.482183 0.0159036 0.000888234 0.00123287 0.000482379 0.000121744 0.000883499 3.75509e-06 1.1007e-05 
242 0.135435 0.608298 0.131888 0.0402508 0.0281995 0.0101615 0.0191107 0.0176589 0.00639422 0.00260396 
243 0.460807 0.481163 0.054806 0.00050505 6.0363e-05 0.000907076 0.00170867 1.80745e-05 6.43978e-06 1.89099e-05 
244 0.743826 0.189218 0.0358191 0.0235365 0.00141669 0.0049194 0.000510695 0.00036277 0.000169378 0.000221671 
245 0.206234 0.747023 0.0240219 0.00484317 0.00546957 0.00857162 0.00215476 0.000721444 0.00042337 0.000537671 
246 0.643044 0.306002 0.0219735 0.0175715 0.0039323 0.00138314 0.00505382 0.000449936 0.000259641 0.000329739 
247 0.111637 0.864337 0.0223352 0.000652867 0.000389039 0.000274732 0.000150664 0.000107583 5.02308e-05 6.57389e-05 
248 0.135255 0.64969 0.107539 0.0398495 0.0236852 0.0186639 0.0106582 0.00621009 0.0040456 0.00440253 
249 0.0515111 0.847168 0.0763276 0.00815978 0.00842317 0.0034137 0.00220785 0.00111537 0.000709028 0.000964506 
250 0.656008 0.194851 0.108232 0.0154145 0.012311 0.00116163 0.0113191 0.000419833 0.000122738 0.000160632 
251 0.0731854 0.763665 0.106293 0.0210513 0.0163518 0.00958295 0.0041557 0.00242137 0.00157741 0.00171658 
252 0.304166 0.68988 0.00371758 0.000737372 0.000581265 0.000325984 0.000239422 0.000156968 0.000102796 9.22914e-05 
253 0.939224 0.0332867 0.009244 0.0143306 0.00350651 0.000207266 8.08467e-05 5.77292e-05 2.69539e-05 3.52755e-05 
254 0.904132 0.058603 0.00744711 0.0169247 0.00699322 0.00270344 0.000303888 0.00274621 7.00166e-05 7.63332e-05 
255 0.69257 0.28336 0.00963817 0.00277483 0.000373527 0.000646779 0.00504019 0.000258448 4.05304e-05 0.00529753 
256 0.212426 0.601766 0.0723957 0.0249555 0.0213144 0.0506256 0.00711622 0.00420045 0.00234439 0.00285493 
257 0.120519 0.561579 0.136739 0.0908224 0.0357057 0.0201908 0.0152195 0.00768862 0.00488757 0.00664866 
258 0.0791536 0.847935 0.0326493 0.0159604 0.0140064 0.00424762 0.00258655 0.00154661 0.000863206 0.00105119 
259 0.299082 0.557264 0.062807 0.0378411 0.024417 0.00811393 0.00412407 0.0027232 0.00159807 0.00202952 
260 0.433226 0.455097 0.0385495 0.0139341 0.0261854 0.0228688 0.00470665 0.00232948 0.00136703 0.0017361 
261 0.350357 0.54069 0.0561014 0.014732 0.00906038 0.00641376 0.00428864 0.0149747 0.00151088 0.00187138 
262 0.326585 0.556651 0.0453618 0.0159987 0.0352123 0.00971679 0.00412407 0.0027232 0.00159807 0.00202952 
263 0.112499 0.669876 0.110318 0.0396422 0.0236852 0.0186639 0.0106582 0.00621009 0.0040456 0.00440253 
264 0.35417 0.563253 0.0589318 0.00444245 0.00273239 0.00579482 0.00113939 0.000752598 0.0082233 0.000560705 
265 0.135022 0.72914 0.080481 0.0216329 0.00649186 0.0060861 0.00924797 0.000938851 0.00132511 0.00963391 
266 0.321114 0.525744 0.0855473 0.0151249 0.00930199 0.00658479 0.00413809 0.029009 0.00151447 0.00192128 
267 0.891716 0.0848252 0.00812944 0.00750539 0.00561502 0.00043627 7.21562e-05 6.48829e-05 0.00159253 4.36093e-05 
268 0.0975937 0.517534 0.303397 0.0164075 0.0105754 0.043326 0.00503891 0.00273807 0.00152819 0.00186099 
269 0.217268 0.763674 0.0115144 0.00467696 0.00103376 0.000731644 0.000433791 0.00028644 0.000168094 0.000213476 
270 0.174679 0.772681 0.0292469 0.00543308 0.0122567 0.00227585 0.00134935 0.000891001 0.000522872 0.000664037 
271 0.307751 0.586899 0.0608638 0.01644 0.0101109 0.00715738 0.00424361 0.00280213 0.00164439 0.00208835 
272 0.147354 0.846351 0.00286803 0.000480467 0.000374326 0.00120006 0.000153706 0.00109276 6.60118e-05 5.92385e-05 
273 0.318664 0.587754 0.0477671 0.0169308 0.0104127 0.00737104 0.00437028 0.00288578 0.00169348 0.00215069 
274 0.381097 0.51652 0.0450844 0.0300324 0.00983555 0.00695577 0.00412407 0.0027232 0.00159807 0.00202952 
275 0.094624 0.634201 0.120193 0.0664716 0.0264674 0.0311418 0.0113271 0.00659822 0.00429845 0.00467768 
276 0.269923 0.525019 0.142832 0.0249142 0.0202949 0.00760177 0.00370644 0.00244743 0.00143624 0.001824 
277 0.145207 0.654479 0.105877 0.0381155 0.0275372 0.011578 0.00735934 0.00440048 0.00245603 0.00299088 
278 0.0271109 0.379651 0.253165 0.0947069 0.0753008 0.0576285 0.0325679 0.050004 0.0123118 0.0175532 
279 0.116478 0.841267 0.0243951 0.00645355 0.00202228 0.00432992 0.000848723 0.000561026 0.00320303 0.00044147 
280 0.391877 0.598978 0.00486384 0.000958093 0.000686458 0.00117067 0.00108568 0.000163331 9.58303e-05 0.000121703 
281 0.512407 0.476371 0.00673147 0.00253165 0.000800345 0.000462415 0.000274166 0.000181037 0.000106239 0.000134921 
282 0.50348 0.384908 0.0822975 0.00169179 0.011813 0.000935847 0.0114963 0.000305075 0.00291094 0.000161902 
283 0.911929 0.085141 0.00074825 0.000626173 0.0012705 0.000228414 2.69167e-05 1.16325e-05 4.65268e-06 1.36623e-05 
284 0.963679 0.0312485 0.000687671 0.00155469 8.54668e-05 0.00167476 0.00103657 1.28582e-05 5.12353e-06 1.50449e-05 
285 0.279383 0.666675 0.0164173 0.0252693 0.00971901 0.000901365 0.000661991 0.000434009 0.000284227 0.000255182 
286 0.098335 0.609673 0.122725 0.0771551 0.0247292 0.026623 0.0263725 0.00720684 0.00343876 0.00374215 
287 0.15382 0.795205 0.0154266 0.005159 0.0161178 0.0109493 0.00133637 0.00085175 0.000499838 0.000634784 
288 0.0242393 0.640631 0.168439 0.0517766 0.0460351 0.0328652 0.0161289 0.00738938 0.00324217 0.00925284 
289 0.134607 0.707257 0.0993669 0.0225145 0.0141049 0.00818544 0.00617006 0.00311701 0.00198145 0.0026954 
290 0.318544 0.58784 0.0478012 0.0169308 0.0104127 0.00737104 0.00437028 0.00288578 0.00169348 0.00215069 
291 0.0271109 0.391424 0.26456 0.0862449 0.0753008 0.0585429 0.0518508 0.0212621 0.0061506 0.0175532 
292 0.394866 0.600636 0.00294019 0.000514127 0.000404821 0.000227031 0.000166745 0.00010932 7.15923e-05 6.42761e-05 
293 0.496317 0.386986 0.055396 0.032466 0.00379345 0.0171302 0.00569982 0.000986002 0.000645721 0.000579733 
294 0.534044 0.375472 0.0247332 0.00999187 0.0475939 0.00345674 0.00189567 0.00135362 0.000632009 0.000827133 
295 0.32042 0.585857 0.0479083 0.0169308 0.0104127 0.00737104 0.00437028 0.00288578 0.00169348 0.00215069 
296 0.702305 0.288207 0.00384016 0.0018606 0.00146906 0.000823873 0.000605102 0.000396712 0.000259802 0.000233252 
297 0.225065 0.649645 0.0677621 0.0119638 0.0206155 0.0114305 0.00235639 0.00148729 0.000916579 0.00875695 
298 0.135138 0.695035 0.05837 0.0531227 0.0151889 0.0119281 0.0068116 0.00424191 0.0123834 0.00778034 
299 0.0898352 0.656787 0.106988 0.0443267 0.0683407 0.0125475 0.00935623 0.00472661 0.00300465 0.00408729 
300 0.106581 0.659917 0.105051 0.0474424 0.0283555 0.0223441 0.0127598 0.00743462 0.00484332 0.00527063 
301 0.14207 0.806322 0.0297749 0.00408447 0.00548549 0.00950929 0.00113225 0.000695493 0.000408141 0.000518331 
302 0.0630202 0.696294 0.0927203 0.053152 0.0518068 0.0191453 0.00890482 0.00716741 0.0032195 0.00456953 
303 0.103186 0.592506 0.141891 0.0568404 0.0365275 0.033658 0.0156388 0.00789927 0.00502147 0.00683081 
304 0.343456 0.461056 0.0433915 0.132426 0.00853984 0.00166648 0.000913742 0.000695264 0.00745599 0.000398782 
305 0.634758 0.363562 0.000732789 0.000312132 0.000246447 0.000138212 0.000101511 6.65519e-05 4.3584e-05 3.91301e-05 
306 0.0689667 0.598574 0.126822 0.0901479 0.0425269 0.0324708 0.0151112 0.0121629 0.0054634 0.00775435 
307 0.0809057 0.825128 0.0378386 0.0272811 0.0088777 0.0115166 0.00361515 0.00216164 0.00120647 0.0014692 
308 0.871985 0.102891 0.0127305 0.00347318 0.00541938 0.000524859 0.000287353 0.000205187 0.000463669 0.00201987 
309 0.268715 0.709799 0.0114277 0.00510698 0.00179421 0.00125984 0.000746962 0.000493232 0.000289447 0.000367592 
310 0.373069 0.617045 0.00520371 0.00224116 0.000320683 0.000193159 0.00176906 7.71629e-05 3.52578e-05 4.61431e-05 
311 0.0423992 0.428574 0.271448 0.105803 0.0516516 0.0364163 0.0347567 0.0160461 0.00369197 0.00921397 
312 0.584001 0.379175 0.015242 0.00710916 0.00561311 0.00314793 0.00231203 0.00151579 0.000992675 0.000891231 
313 0.111284 0.644925 0.109673 0.0495354 0.0296065 0.0233299 0.0133227 0.00776262 0.005057 0.00550316 
314 0.090253 0.860259 0.038889 0.00295496 0.00181679 0.00130704 0.00334568 0.000503563 0.000295477 0.00037525 
315 0.152094 0.6628 0.0813662 0.0323355 0.0203912 0.0150921 0.0235279 0.00556467 0.0030792 0.00374976 
316 0.0279324 0.401995 0.273867 0.0888583 0.0775826 0.0593748 0.0315246 0.0144429 0.00633698 0.0180851 
317 0.0971858 0.626716 0.122114 0.0466176 0.0396146 0.0186025 0.0219393 0.00648629 0.0151188 0.00560499 
318 0.0689667 0.598598 0.126798 0.0901479 0.0425269 0.0324708 0.0151112 0.0121629 0.0054634 0.00775435 
319 0.833826 0.126138 0.0234898 0.00530357 0.00694868 0.00331399 0.00045782 0.000232932 0.000152544 0.000136955 
320 0.103601 0.591396 0.137982 0.0638361 0.0401447 0.023297 0.0175609 0.00887148 0.0056395 0.00767153 
321 0.557586 0.396013 0.025108 0.00803466 0.0049691 0.00350908 0.0019244 0.00137413 0.000641585 0.000839665 
322 0.103601 0.591311 0.138067 0.0638361 0.0401447 0.023297 0.0175609 0.00887148 0.0056395 0.00767153 
323 0.557391 0.396205 0.0251112 0.00803466 0.0049691 0.00350908 0.0019244 0.00137413 0.000641585 0.000839665 
324 0.116421 0.627744 0.115528 0.0518217 0.030973 0.0244067 0.0139376 0.00812089 0.0052904 0.00575715 
325 0.11642 0.62854 0.114733 0.0518217 0.030973 0.0244067 0.0139376 0.00812089 0.0052904 0.00575715 
326 0.116421 0.628427 0.114844 0.0518217 0.030973 0.0244067 0.0139376 0.00812089 0.0052904 0.00575715 
327 0.11692 0.622405 0.120367 0.0518217 0.030973 0.0244067 0.0139376 0.00812089 0.0052904 0.00575715 
328 0.11642 0.619922 0.123349 0.0518239 0.030973 0.0244067 0.0139376 0.00812089 0.0052904 0.00575715 
329 0.303354 0.541448 0.0664177 0.0531663 0.0179336 0.00705513 0.00418299 0.0027621 0.0016209 0.00205851 
330 0.156774 0.654354 0.0973246 0.0333306 0.0210186 0.0149623 0.00951054 0.00568677 0.00317394 0.00386514 
331 0.213247 0.714921 0.0395884 0.0238357 0.00577415 0.00125031 0.000557062 0.000397775 0.000185722 0.000243061 
332 0.29111 0.61039 0.0564516 0.0155392 0.00955684 0.0067652 0.00401108 0.00264859 0.00155429 0.00197392 
333 0.105103 0.62549 0.128852 0.0467835 0.0279617 0.0220338 0.0144022 0.0193595 0.00481713 0.00519743 
334 0.0377368 0.674196 0.243324 0.0217474 0.00800085 0.00331547 0.00209554 0.00163946 0.00708737 0.000856829 
335 0.0791126 0.603166 0.15817 0.0786069 0.0211706 0.0170197 0.0297741 0.00550035 0.00358204 0.00389807 
336 0.103601 0.576287 0.137706 0.0640995 0.0548016 0.0237614 0.0175609 0.00887148 0.0056395 0.00767153 
337 0.208598 0.764148 0.0230624 0.00204644 0.000803824 0.000567644 0.000311299 0.000222286 0.000103786 0.000135828 
338 0.0771409 0.764451 0.0640811 0.0338516 0.0308057 0.0128579 0.00707768 0.00412389 0.00268653 0.00292355 
339 0.0557379 0.618214 0.134235 0.0729341 0.0456995 0.0245696 0.0166973 0.0157201 0.00818209 0.00801025 
340 0.112944 0.639629 0.111308 0.0502747 0.0300484 0.0236781 0.0135215 0.00787848 0.00513248 0.00558529 
341 0.812641 0.172302 0.0137475 0.00077356 0.000154701 0.000179624 9.55372e-05 4.12879e-05 1.6514e-05 4.84923e-05 
342 0.117146 0.567592 0.137745 0.0758821 0.0395492 0.022944 0.0172949 0.00873707 0.00555405 0.00755529 
343 0.153413 0.566013 0.132295 0.0582575 0.0286386 0.0326852 0.0120851 0.00703811 0.00458501 0.00498953 
344 0.102561 0.804387 0.046923 0.0167944 0.0105908 0.00753913 0.00479213 0.00286543 0.00159927 0.00194755 
345 0.0646026 0.772553 0.140581 0.00974763 0.00491167 0.00305833 0.00194398 0.00116239 0.000648762 0.000790044 
346 0.110404 0.735754 0.0799476 0.0269918 0.0133942 0.0103076 0.0150918 0.00362392 0.00202261 0.00246308 
347 0.270428 0.683352 0.0339424 0.00197265 0.00350773 0.00208206 0.000465456 0.00389891 0.000151931 0.00019863 
348 0.047718 0.772931 0.114852 0.0293466 0.0127773 0.0102141 0.00330303 0.00265827 0.00308551 0.00311424 
349 0.316273 0.511687 0.0643631 0.0422734 0.0411742 0.0154778 0.00344622 0.00227467 0.00133486 0.00169525 
350 0.22993 0.670256 0.0316801 0.0396353 0.00677456 0.00559395 0.0117523 0.00187718 0.00110158 0.00139899 
351 0.557277 0.381171 0.0251079 0.00803465 0.0049691 0.00350908 0.0029838 0.0154662 0.000641585 0.000839665 
352 0.164547 0.806253 0.0149324 0.00181539 0.00671682 0.00316852 0.00101555 0.00118613 0.000160885 0.000204102 
353 0.13587 0.672963 0.0984916 0.0288872 0.0315486 0.0129673 0.00824246 0.00492853 0.00275075 0.00334978 
354 0.134183 0.611711 0.114371 0.0544676 0.0318642 0.0371774 0.00706412 0.00388131 0.0025285 0.00275158 
355 0.102364 0.587857 0.160655 0.0595476 0.0388383 0.0216593 0.0122425 0.00713321 0.00464697 0.00505695 
356 0.106844 0.825837 0.0279949 0.0126873 0.00691878 0.00871657 0.00672072 0.00181396 0.0011817 0.00128596 
357 0.0836453 0.690063 0.114615 0.0374882 0.033108 0.0174334 0.00995542 0.00580064 0.00377886 0.00411225 
358 0.843382 0.134123 0.0111523 0.00414854 0.00127644 0.00116723 0.00160711 0.000845428 0.000207719 0.00209102 
359 0.0626224 0.758966 0.0914203 0.0229041 0.0261313 0.0170613 0.00602094 0.0101128 0.00228266 0.00247824 
360 0.627674 0.303457 0.0325596 0.00480531 0.0100993 0.0186604 0.0012124 0.000737338 0.000344265 0.000450552 
361 0.073373 0.570607 0.140336 0.0762494 0.0607071 0.0279075 0.0174563 0.0164347 0.00855401 0.00837436 
362 0.394923 0.449854 0.113658 0.012857 0.0139167 0.0104671 0.00170238 0.00112411 0.00065967 0.000837767 
363 0.212919 0.630796 0.0877349 0.0243931 0.0104321 0.00742423 0.0123197 0.00325118 0.00879755 0.00193183 
364 0.20351 0.703025 0.0482425 0.0104207 0.0105136 0.00868909 0.00280629 0.00167258 0.00103019 0.0100899 
365 0.210823 0.618637 0.10085 0.0601257 0.00481969 0.00191742 0.00111334 0.00073516 0.000431419 0.000547893 
366 0.301037 0.677222 0.0187093 0.00258419 0.000173863 9.71495e-05 7.13524e-05 4.67795e-05 3.06353e-05 2.75046e-05 
